site_gaw_id year month day hour minute second year month day hour minute second value value_unc nvalue latitude longitude altitude elevation intake_height flask_no ORG_QCflag QCflag instrument measurement_method scale
MKN 2022 1 1 0 0 0 -999 -9 -9 -9 -9 -9 414.2 2.5 24 -0.0621999986 37.2971992493 3688 3678 10 -999.999 -999.999 2 1 18 1
MKN 2022 1 2 0 0 0 -999 -9 -9 -9 -9 -9 413.25 3.06 24 -0.0621999986 37.2971992493 3688 3678 10 -999.999 -999.999 2 1 18 1
MKN 2022 1 3 0 0 0 -999 -9 -9 -9 -9 -9 414.5 3.41 24 -0.0621999986 37.2971992493 3688 3678 10 -999.999 -999.999 2 1 18 1
MKN 2022 1 4 0 0 0 -999 -9 -9 -9 -9 -9 416.03 1.81 24 -0.0621999986 37.2971992493 3688 3678 10 -999.999 -999.999 2 1 18 1
MKN 2022 1 5 0 0 0 -999 -9 -9 -9 -9 -9 415.97 1.55 24 -0.0621999986 37.2971992493 3688 3678 10 -999.999 -999.999 2 1 18 1
MKN 2022 1 6 0 0 0 -999 -9 -9 -9 -9 -9 415.04 2.51 24 -0.0621999986 37.2971992493 3688 3678 10 -999.999 -999.999 2 1 18 1
MKN 2022 1 7 0 0 0 -999 -9 -9 -9 -9 -9 415.41 2.16 24 -0.0621999986 37.2971992493 3688 3678 10 -999.999 -999.999 2 1 18 1
MKN 2022 1 8 0 0 0 -999 -9 -9 -9 -9 -9 416.33 1.37 24 -0.0621999986 37.2971992493 3688 3678 10 -999.999 -999.999 2 1 18 1
MKN 2022 1 9 0 0 0 -999 -9 -9 -9 -9 -9 416.74 1.61 24 -0.0621999986 37.2971992493 3688 3678 10 -999.999 -999.999 2 1 18 1
MKN 2022 1 10 0 0 0 -999 -9 -9 -9 -9 -9 415.98 1.86 24 -0.0621999986 37.2971992493 3688 3678 10 -999.999 -999.999 2 1 18 1
MKN 2022 1 11 0 0 0 -999 -9 -9 -9 -9 -9 414.72 3.35 22 -0.0621999986 37.2971992493 3688 3678 10 -999.999 -999.999 2 1 18 1
MKN 2022 1 12 0 0 0 -999 -9 -9 -9 -9 -9 -999.999 -999.999 -9 -0.0621999986 37.2971992493 3688 3678 10 -999.999 -999.999 3 1 18 1
MKN 2022 1 13 0 0 0 -999 -9 -9 -9 -9 -9 -999.999 -999.999 -9 -0.0621999986 37.2971992493 3688 3678 10 -999.999 -999.999 3 1 18 1
MKN 2022 1 14 0 0 0 -999 -9 -9 -9 -9 -9 -999.999 -999.999 -9 -0.0621999986 37.2971992493 3688 3678 10 -999.999 -999.999 3 1 18 1
MKN 2022 1 15 0 0 0 -999 -9 -9 -9 -9 -9 -999.999 -999.999 -9 -0.0621999986 37.2971992493 3688 3678 10 -999.999 -999.999 3 1 18 1
MKN 2022 1 16 0 0 0 -999 -9 -9 -9 -9 -9 -999.999 -999.999 -9 -0.0621999986 37.2971992493 3688 3678 10 -999.999 -999.999 3 1 18 1
MKN 2022 1 17 0 0 0 -999 -9 -9 -9 -9 -9 -999.999 -999.999 -9 -0.0621999986 37.2971992493 3688 3678 10 -999.999 -999.999 3 1 18 1
MKN 2022 1 18 0 0 0 -999 -9 -9 -9 -9 -9 -999.999 -999.999 -9 -0.0621999986 37.2971992493 3688 3678 10 -999.999 -999.999 3 1 18 1
MKN 2022 1 19 0 0 0 -999 -9 -9 -9 -9 -9 -999.999 -999.999 -9 -0.0621999986 37.2971992493 3688 3678 10 -999.999 -999.999 3 1 18 1
MKN 2022 1 20 0 0 0 -999 -9 -9 -9 -9 -9 -999.999 -999.999 -9 -0.0621999986 37.2971992493 3688 3678 10 -999.999 -999.999 3 1 18 1
MKN 2022 1 21 0 0 0 -999 -9 -9 -9 -9 -9 -999.999 -999.999 -9 -0.0621999986 37.2971992493 3688 3678 10 -999.999 -999.999 3 1 18 1
MKN 2022 1 22 0 0 0 -999 -9 -9 -9 -9 -9 -999.999 -999.999 -9 -0.0621999986 37.2971992493 3688 3678 10 -999.999 -999.999 3 1 18 1
MKN 2022 1 23 0 0 0 -999 -9 -9 -9 -9 -9 -999.999 -999.999 -9 -0.0621999986 37.2971992493 3688 3678 10 -999.999 -999.999 3 1 18 1
MKN 2022 1 24 0 0 0 -999 -9 -9 -9 -9 -9 -999.999 -999.999 -9 -0.0621999986 37.2971992493 3688 3678 10 -999.999 -999.999 3 1 18 1
MKN 2022 1 25 0 0 0 -999 -9 -9 -9 -9 -9 -999.999 -999.999 -9 -0.0621999986 37.2971992493 3688 3678 10 -999.999 -999.999 3 1 18 1
MKN 2022 1 26 0 0 0 -999 -9 -9 -9 -9 -9 -999.999 -999.999 -9 -0.0621999986 37.2971992493 3688 3678 10 -999.999 -999.999 3 1 18 1
MKN 2022 1 27 0 0 0 -999 -9 -9 -9 -9 -9 -999.999 -999.999 -9 -0.0621999986 37.2971992493 3688 3678 10 -999.999 -999.999 3 1 18 1
MKN 2022 1 28 0 0 0 -999 -9 -9 -9 -9 -9 -999.999 -999.999 -9 -0.0621999986 37.2971992493 3688 3678 10 -999.999 -999.999 3 1 18 1
MKN 2022 1 29 0 0 0 -999 -9 -9 -9 -9 -9 -999.999 -999.999 -9 -0.0621999986 37.2971992493 3688 3678 10 -999.999 -999.999 3 1 18 1
MKN 2022 1 30 0 0 0 -999 -9 -9 -9 -9 -9 -999.999 -999.999 -9 -0.0621999986 37.2971992493 3688 3678 10 -999.999 -999.999 3 1 18 1
MKN 2022 1 31 0 0 0 -999 -9 -9 -9 -9 -9 -999.999 -999.999 -9 -0.0621999986 37.2971992493 3688 3678 10 -999.999 -999.999 3 1 18 1
MKN 2022 2 1 0 0 0 -999 -9 -9 -9 -9 -9 -999.999 -999.999 -9 -0.0621999986 37.2971992493 3688 3678 10 -999.999 -999.999 3 1 18 1
MKN 2022 2 2 0 0 0 -999 -9 -9 -9 -9 -9 -999.999 -999.999 -9 -0.0621999986 37.2971992493 3688 3678 10 -999.999 -999.999 3 1 18 1
MKN 2022 2 3 0 0 0 -999 -9 -9 -9 -9 -9 418.61 1.46 13 -0.0621999986 37.2971992493 3688 3678 10 -999.999 -999.999 2 1 18 1
MKN 2022 2 4 0 0 0 -999 -9 -9 -9 -9 -9 417.79 1.05 24 -0.0621999986 37.2971992493 3688 3678 10 -999.999 -999.999 2 1 18 1
MKN 2022 2 5 0 0 0 -999 -9 -9 -9 -9 -9 418.21 1.13 24 -0.0621999986 37.2971992493 3688 3678 10 -999.999 -999.999 2 1 18 1
MKN 2022 2 6 0 0 0 -999 -9 -9 -9 -9 -9 418.39 1.15 24 -0.0621999986 37.2971992493 3688 3678 10 -999.999 -999.999 2 1 18 1
MKN 2022 2 7 0 0 0 -999 -9 -9 -9 -9 -9 418.55 1.26 24 -0.0621999986 37.2971992493 3688 3678 10 -999.999 -999.999 2 1 18 1
MKN 2022 2 8 0 0 0 -999 -9 -9 -9 -9 -9 417.17 1.59 24 -0.0621999986 37.2971992493 3688 3678 10 -999.999 -999.999 2 1 18 1
MKN 2022 2 9 0 0 0 -999 -9 -9 -9 -9 -9 417.41 1.06 24 -0.0621999986 37.2971992493 3688 3678 10 -999.999 -999.999 2 1 18 1
MKN 2022 2 10 0 0 0 -999 -9 -9 -9 -9 -9 418.71 1.33 24 -0.0621999986 37.2971992493 3688 3678 10 -999.999 -999.999 2 1 18 1
MKN 2022 2 11 0 0 0 -999 -9 -9 -9 -9 -9 419.35 0.77 24 -0.0621999986 37.2971992493 3688 3678 10 -999.999 -999.999 2 1 18 1
MKN 2022 2 12 0 0 0 -999 -9 -9 -9 -9 -9 419.64 0.66 24 -0.0621999986 37.2971992493 3688 3678 10 -999.999 -999.999 2 1 18 1
MKN 2022 2 13 0 0 0 -999 -9 -9 -9 -9 -9 420.24 0.91 24 -0.0621999986 37.2971992493 3688 3678 10 -999.999 -999.999 2 1 18 1
MKN 2022 2 14 0 0 0 -999 -9 -9 -9 -9 -9 419.62 0.66 24 -0.0621999986 37.2971992493 3688 3678 10 -999.999 -999.999 2 1 18 1
MKN 2022 2 15 0 0 0 -999 -9 -9 -9 -9 -9 419.22 0.66 24 -0.0621999986 37.2971992493 3688 3678 10 -999.999 -999.999 2 1 18 1
MKN 2022 2 16 0 0 0 -999 -9 -9 -9 -9 -9 419.21 1.27 24 -0.0621999986 37.2971992493 3688 3678 10 -999.999 -999.999 2 1 18 1
MKN 2022 2 17 0 0 0 -999 -9 -9 -9 -9 -9 419.63 1.14 24 -0.0621999986 37.2971992493 3688 3678 10 -999.999 -999.999 2 1 18 1
MKN 2022 2 18 0 0 0 -999 -9 -9 -9 -9 -9 419.12 1.06 24 -0.0621999986 37.2971992493 3688 3678 10 -999.999 -999.999 2 1 18 1
MKN 2022 2 19 0 0 0 -999 -9 -9 -9 -9 -9 418.86 0.83 24 -0.0621999986 37.2971992493 3688 3678 10 -999.999 -999.999 2 1 18 1
MKN 2022 2 20 0 0 0 -999 -9 -9 -9 -9 -9 419.27 0.91 24 -0.0621999986 37.2971992493 3688 3678 10 -999.999 -999.999 2 1 18 1
MKN 2022 2 21 0 0 0 -999 -9 -9 -9 -9 -9 420.16 1.28 24 -0.0621999986 37.2971992493 3688 3678 10 -999.999 -999.999 2 1 18 1
MKN 2022 2 22 0 0 0 -999 -9 -9 -9 -9 -9 420.57 1.58 24 -0.0621999986 37.2971992493 3688 3678 10 -999.999 -999.999 2 1 18 1
MKN 2022 2 23 0 0 0 -999 -9 -9 -9 -9 -9 419.9 0.88 24 -0.0621999986 37.2971992493 3688 3678 10 -999.999 -999.999 2 1 18 1
MKN 2022 2 24 0 0 0 -999 -9 -9 -9 -9 -9 419.2 1.27 24 -0.0621999986 37.2971992493 3688 3678 10 -999.999 -999.999 2 1 18 1
MKN 2022 2 25 0 0 0 -999 -9 -9 -9 -9 -9 417.94 1.16 24 -0.0621999986 37.2971992493 3688 3678 10 -999.999 -999.999 2 1 18 1
MKN 2022 2 26 0 0 0 -999 -9 -9 -9 -9 -9 417.36 0.95 24 -0.0621999986 37.2971992493 3688 3678 10 -999.999 -999.999 2 1 18 1
MKN 2022 2 27 0 0 0 -999 -9 -9 -9 -9 -9 417.25 0.62 24 -0.0621999986 37.2971992493 3688 3678 10 -999.999 -999.999 2 1 18 1
MKN 2022 2 28 0 0 0 -999 -9 -9 -9 -9 -9 418.27 0.98 24 -0.0621999986 37.2971992493 3688 3678 10 -999.999 -999.999 2 1 18 1
MKN 2022 3 1 0 0 0 -999 -9 -9 -9 -9 -9 418.11 1.41 24 -0.0621999986 37.2971992493 3688 3678 10 -999.999 -999.999 2 1 18 1
MKN 2022 3 2 0 0 0 -999 -9 -9 -9 -9 -9 418.39 0.95 24 -0.0621999986 37.2971992493 3688 3678 10 -999.999 -999.999 2 1 18 1
MKN 2022 3 3 0 0 0 -999 -9 -9 -9 -9 -9 418.42 0.82 24 -0.0621999986 37.2971992493 3688 3678 10 -999.999 -999.999 2 1 18 1
MKN 2022 3 4 0 0 0 -999 -9 -9 -9 -9 -9 417.77 0.91 24 -0.0621999986 37.2971992493 3688 3678 10 -999.999 -999.999 2 1 18 1
MKN 2022 3 5 0 0 0 -999 -9 -9 -9 -9 -9 417.67 1.02 24 -0.0621999986 37.2971992493 3688 3678 10 -999.999 -999.999 2 1 18 1
MKN 2022 3 6 0 0 0 -999 -9 -9 -9 -9 -9 418.77 0.66 24 -0.0621999986 37.2971992493 3688 3678 10 -999.999 -999.999 2 1 18 1
MKN 2022 3 7 0 0 0 -999 -9 -9 -9 -9 -9 419.18 0.51 24 -0.0621999986 37.2971992493 3688 3678 10 -999.999 -999.999 2 1 18 1
MKN 2022 3 8 0 0 0 -999 -9 -9 -9 -9 -9 418.79 0.63 24 -0.0621999986 37.2971992493 3688 3678 10 -999.999 -999.999 2 1 18 1
MKN 2022 3 9 0 0 0 -999 -9 -9 -9 -9 -9 417.7 0.82 24 -0.0621999986 37.2971992493 3688 3678 10 -999.999 -999.999 2 1 18 1
MKN 2022 3 10 0 0 0 -999 -9 -9 -9 -9 -9 417.03 1.04 24 -0.0621999986 37.2971992493 3688 3678 10 -999.999 -999.999 2 1 18 1
MKN 2022 3 11 0 0 0 -999 -9 -9 -9 -9 -9 416.78 0.73 24 -0.0621999986 37.2971992493 3688 3678 10 -999.999 -999.999 2 1 18 1
MKN 2022 3 12 0 0 0 -999 -9 -9 -9 -9 -9 417.7 0.97 24 -0.0621999986 37.2971992493 3688 3678 10 -999.999 -999.999 2 1 18 1
MKN 2022 3 13 0 0 0 -999 -9 -9 -9 -9 -9 419.26 0.87 24 -0.0621999986 37.2971992493 3688 3678 10 -999.999 -999.999 2 1 18 1
MKN 2022 3 14 0 0 0 -999 -9 -9 -9 -9 -9 419.25 0.69 24 -0.0621999986 37.2971992493 3688 3678 10 -999.999 -999.999 2 1 18 1
MKN 2022 3 15 0 0 0 -999 -9 -9 -9 -9 -9 419.45 1.12 24 -0.0621999986 37.2971992493 3688 3678 10 -999.999 -999.999 2 1 18 1
MKN 2022 3 16 0 0 0 -999 -9 -9 -9 -9 -9 419.79 1.38 24 -0.0621999986 37.2971992493 3688 3678 10 -999.999 -999.999 2 1 18 1
MKN 2022 3 17 0 0 0 -999 -9 -9 -9 -9 -9 419.12 0.63 24 -0.0621999986 37.2971992493 3688 3678 10 -999.999 -999.999 2 1 18 1
MKN 2022 3 18 0 0 0 -999 -9 -9 -9 -9 -9 418.45 1.51 24 -0.0621999986 37.2971992493 3688 3678 10 -999.999 -999.999 2 1 18 1
MKN 2022 3 19 0 0 0 -999 -9 -9 -9 -9 -9 418.54 3.07 24 -0.0621999986 37.2971992493 3688 3678 10 -999.999 -999.999 2 1 18 1
MKN 2022 3 20 0 0 0 -999 -9 -9 -9 -9 -9 418.68 2.47 23 -0.0621999986 37.2971992493 3688 3678 10 -999.999 -999.999 2 1 18 1
MKN 2022 3 21 0 0 0 -999 -9 -9 -9 -9 -9 421.14 2.49 24 -0.0621999986 37.2971992493 3688 3678 10 -999.999 -999.999 2 1 18 1
MKN 2022 3 22 0 0 0 -999 -9 -9 -9 -9 -9 420.03 2.31 24 -0.0621999986 37.2971992493 3688 3678 10 -999.999 -999.999 2 1 18 1
MKN 2022 3 23 0 0 0 -999 -9 -9 -9 -9 -9 420.01 1.28 24 -0.0621999986 37.2971992493 3688 3678 10 -999.999 -999.999 2 1 18 1
MKN 2022 3 24 0 0 0 -999 -9 -9 -9 -9 -9 420.6 2.11 24 -0.0621999986 37.2971992493 3688 3678 10 -999.999 -999.999 2 1 18 1
MKN 2022 3 25 0 0 0 -999 -9 -9 -9 -9 -9 420.16 2.39 24 -0.0621999986 37.2971992493 3688 3678 10 -999.999 -999.999 2 1 18 1
MKN 2022 3 26 0 0 0 -999 -9 -9 -9 -9 -9 419.24 0.35 8 -0.0621999986 37.2971992493 3688 3678 10 -999.999 -999.999 2 1 18 1
MKN 2022 3 27 0 0 0 -999 -9 -9 -9 -9 -9 -999.999 -999.999 -9 -0.0621999986 37.2971992493 3688 3678 10 -999.999 -999.999 3 1 18 1
MKN 2022 3 28 0 0 0 -999 -9 -9 -9 -9 -9 420.72 0.98 10 -0.0621999986 37.2971992493 3688 3678 10 -999.999 -999.999 2 1 18 1
MKN 2022 3 29 0 0 0 -999 -9 -9 -9 -9 -9 419.4 1.74 24 -0.0621999986 37.2971992493 3688 3678 10 -999.999 -999.999 2 1 18 1
MKN 2022 3 30 0 0 0 -999 -9 -9 -9 -9 -9 420.09 1.29 24 -0.0621999986 37.2971992493 3688 3678 10 -999.999 -999.999 2 1 18 1
MKN 2022 3 31 0 0 0 -999 -9 -9 -9 -9 -9 420.76 1.01 24 -0.0621999986 37.2971992493 3688 3678 10 -999.999 -999.999 2 1 18 1
MKN 2022 4 1 0 0 0 -999 -9 -9 -9 -9 -9 419.15 0.81 24 -0.0621999986 37.2971992493 3688 3678 10 -999.999 -999.999 2 1 18 1
MKN 2022 4 2 0 0 0 -999 -9 -9 -9 -9 -9 417.42 1.16 24 -0.0621999986 37.2971992493 3688 3678 10 -999.999 -999.999 2 1 18 1
MKN 2022 4 3 0 0 0 -999 -9 -9 -9 -9 -9 416.72 2.53 24 -0.0621999986 37.2971992493 3688 3678 10 -999.999 -999.999 2 1 18 1
MKN 2022 4 4 0 0 0 -999 -9 -9 -9 -9 -9 418.91 0.91 24 -0.0621999986 37.2971992493 3688 3678 10 -999.999 -999.999 2 1 18 1
MKN 2022 4 5 0 0 0 -999 -9 -9 -9 -9 -9 418.51 0.81 24 -0.0621999986 37.2971992493 3688 3678 10 -999.999 -999.999 2 1 18 1
MKN 2022 4 6 0 0 0 -999 -9 -9 -9 -9 -9 418.68 1.44 24 -0.0621999986 37.2971992493 3688 3678 10 -999.999 -999.999 2 1 18 1
MKN 2022 4 7 0 0 0 -999 -9 -9 -9 -9 -9 418.94 0.88 24 -0.0621999986 37.2971992493 3688 3678 10 -999.999 -999.999 2 1 18 1
MKN 2022 4 8 0 0 0 -999 -9 -9 -9 -9 -9 417.22 1.31 23 -0.0621999986 37.2971992493 3688 3678 10 -999.999 -999.999 2 1 18 1
MKN 2022 4 9 0 0 0 -999 -9 -9 -9 -9 -9 417.84 1 24 -0.0621999986 37.2971992493 3688 3678 10 -999.999 -999.999 2 1 18 1
MKN 2022 4 10 0 0 0 -999 -9 -9 -9 -9 -9 418.23 0.93 24 -0.0621999986 37.2971992493 3688 3678 10 -999.999 -999.999 2 1 18 1
MKN 2022 4 11 0 0 0 -999 -9 -9 -9 -9 -9 416.45 1.61 24 -0.0621999986 37.2971992493 3688 3678 10 -999.999 -999.999 2 1 18 1
MKN 2022 4 12 0 0 0 -999 -9 -9 -9 -9 -9 417.3 1.19 24 -0.0621999986 37.2971992493 3688 3678 10 -999.999 -999.999 2 1 18 1
MKN 2022 4 13 0 0 0 -999 -9 -9 -9 -9 -9 417.2 1.15 24 -0.0621999986 37.2971992493 3688 3678 10 -999.999 -999.999 2 1 18 1
MKN 2022 4 14 0 0 0 -999 -9 -9 -9 -9 -9 416.98 1.22 24 -0.0621999986 37.2971992493 3688 3678 10 -999.999 -999.999 2 1 18 1
MKN 2022 4 15 0 0 0 -999 -9 -9 -9 -9 -9 417.01 1.31 24 -0.0621999986 37.2971992493 3688 3678 10 -999.999 -999.999 2 1 18 1
MKN 2022 4 16 0 0 0 -999 -9 -9 -9 -9 -9 416.86 0.88 24 -0.0621999986 37.2971992493 3688 3678 10 -999.999 -999.999 2 1 18 1
MKN 2022 4 17 0 0 0 -999 -9 -9 -9 -9 -9 417.8 1.87 24 -0.0621999986 37.2971992493 3688 3678 10 -999.999 -999.999 2 1 18 1
MKN 2022 4 18 0 0 0 -999 -9 -9 -9 -9 -9 417.18 1.75 24 -0.0621999986 37.2971992493 3688 3678 10 -999.999 -999.999 2 1 18 1
MKN 2022 4 19 0 0 0 -999 -9 -9 -9 -9 -9 418.04 1.33 24 -0.0621999986 37.2971992493 3688 3678 10 -999.999 -999.999 2 1 18 1
MKN 2022 4 20 0 0 0 -999 -9 -9 -9 -9 -9 419.51 1.28 24 -0.0621999986 37.2971992493 3688 3678 10 -999.999 -999.999 2 1 18 1
MKN 2022 4 21 0 0 0 -999 -9 -9 -9 -9 -9 419.37 1.79 24 -0.0621999986 37.2971992493 3688 3678 10 -999.999 -999.999 2 1 18 1
MKN 2022 4 22 0 0 0 -999 -9 -9 -9 -9 -9 419.8 1.61 24 -0.0621999986 37.2971992493 3688 3678 10 -999.999 -999.999 2 1 18 1
MKN 2022 4 23 0 0 0 -999 -9 -9 -9 -9 -9 420.26 2.13 24 -0.0621999986 37.2971992493 3688 3678 10 -999.999 -999.999 2 1 18 1
MKN 2022 4 24 0 0 0 -999 -9 -9 -9 -9 -9 419.9 1.44 24 -0.0621999986 37.2971992493 3688 3678 10 -999.999 -999.999 2 1 18 1
MKN 2022 4 25 0 0 0 -999 -9 -9 -9 -9 -9 419.13 1.3 24 -0.0621999986 37.2971992493 3688 3678 10 -999.999 -999.999 2 1 18 1
MKN 2022 4 26 0 0 0 -999 -9 -9 -9 -9 -9 419.38 1.37 24 -0.0621999986 37.2971992493 3688 3678 10 -999.999 -999.999 2 1 18 1
MKN 2022 4 27 0 0 0 -999 -9 -9 -9 -9 -9 418.77 1.31 24 -0.0621999986 37.2971992493 3688 3678 10 -999.999 -999.999 2 1 18 1
MKN 2022 4 28 0 0 0 -999 -9 -9 -9 -9 -9 418.99 1.06 24 -0.0621999986 37.2971992493 3688 3678 10 -999.999 -999.999 2 1 18 1
MKN 2022 4 29 0 0 0 -999 -9 -9 -9 -9 -9 417.72 1.91 24 -0.0621999986 37.2971992493 3688 3678 10 -999.999 -999.999 2 1 18 1
MKN 2022 4 30 0 0 0 -999 -9 -9 -9 -9 -9 417.37 1.56 24 -0.0621999986 37.2971992493 3688 3678 10 -999.999 -999.999 2 1 18 1
MKN 2022 5 1 0 0 0 -999 -9 -9 -9 -9 -9 417.87 1.95 24 -0.0621999986 37.2971992493 3688 3678 10 -999.999 -999.999 2 1 18 1
MKN 2022 5 2 0 0 0 -999 -9 -9 -9 -9 -9 416.36 1.85 24 -0.0621999986 37.2971992493 3688 3678 10 -999.999 -999.999 2 1 18 1
MKN 2022 5 3 0 0 0 -999 -9 -9 -9 -9 -9 415.27 1.75 24 -0.0621999986 37.2971992493 3688 3678 10 -999.999 -999.999 2 1 18 1
MKN 2022 5 4 0 0 0 -999 -9 -9 -9 -9 -9 416.2 1.17 24 -0.0621999986 37.2971992493 3688 3678 10 -999.999 -999.999 2 1 18 1
MKN 2022 5 5 0 0 0 -999 -9 -9 -9 -9 -9 417.54 1.83 24 -0.0621999986 37.2971992493 3688 3678 10 -999.999 -999.999 2 1 18 1
MKN 2022 5 6 0 0 0 -999 -9 -9 -9 -9 -9 417.86 2.3 24 -0.0621999986 37.2971992493 3688 3678 10 -999.999 -999.999 2 1 18 1
MKN 2022 5 7 0 0 0 -999 -9 -9 -9 -9 -9 419.23 1.47 24 -0.0621999986 37.2971992493 3688 3678 10 -999.999 -999.999 2 1 18 1
MKN 2022 5 8 0 0 0 -999 -9 -9 -9 -9 -9 419.94 1.59 24 -0.0621999986 37.2971992493 3688 3678 10 -999.999 -999.999 2 1 18 1
MKN 2022 5 9 0 0 0 -999 -9 -9 -9 -9 -9 419.17 1.97 24 -0.0621999986 37.2971992493 3688 3678 10 -999.999 -999.999 2 1 18 1
MKN 2022 5 10 0 0 0 -999 -9 -9 -9 -9 -9 418.29 2.02 24 -0.0621999986 37.2971992493 3688 3678 10 -999.999 -999.999 2 1 18 1
MKN 2022 5 11 0 0 0 -999 -9 -9 -9 -9 -9 418.43 1.6 24 -0.0621999986 37.2971992493 3688 3678 10 -999.999 -999.999 2 1 18 1
MKN 2022 5 12 0 0 0 -999 -9 -9 -9 -9 -9 417.2 1.7 24 -0.0621999986 37.2971992493 3688 3678 10 -999.999 -999.999 2 1 18 1
MKN 2022 5 13 0 0 0 -999 -9 -9 -9 -9 -9 416.5 1.68 24 -0.0621999986 37.2971992493 3688 3678 10 -999.999 -999.999 2 1 18 1
MKN 2022 5 14 0 0 0 -999 -9 -9 -9 -9 -9 419.7 1.23 24 -0.0621999986 37.2971992493 3688 3678 10 -999.999 -999.999 2 1 18 1
MKN 2022 5 15 0 0 0 -999 -9 -9 -9 -9 -9 418.98 1.39 24 -0.0621999986 37.2971992493 3688 3678 10 -999.999 -999.999 2 1 18 1
MKN 2022 5 16 0 0 0 -999 -9 -9 -9 -9 -9 417.09 1.61 24 -0.0621999986 37.2971992493 3688 3678 10 -999.999 -999.999 2 1 18 1
MKN 2022 5 17 0 0 0 -999 -9 -9 -9 -9 -9 414.85 1.93 24 -0.0621999986 37.2971992493 3688 3678 10 -999.999 -999.999 2 1 18 1
MKN 2022 5 18 0 0 0 -999 -9 -9 -9 -9 -9 414.08 0.97 24 -0.0621999986 37.2971992493 3688 3678 10 -999.999 -999.999 2 1 18 1
MKN 2022 5 19 0 0 0 -999 -9 -9 -9 -9 -9 415.97 2.36 24 -0.0621999986 37.2971992493 3688 3678 10 -999.999 -999.999 2 1 18 1
MKN 2022 5 20 0 0 0 -999 -9 -9 -9 -9 -9 417.93 1.84 24 -0.0621999986 37.2971992493 3688 3678 10 -999.999 -999.999 2 1 18 1
MKN 2022 5 21 0 0 0 -999 -9 -9 -9 -9 -9 417.55 1.71 24 -0.0621999986 37.2971992493 3688 3678 10 -999.999 -999.999 2 1 18 1
MKN 2022 5 22 0 0 0 -999 -9 -9 -9 -9 -9 417.12 0.89 24 -0.0621999986 37.2971992493 3688 3678 10 -999.999 -999.999 2 1 18 1
MKN 2022 5 23 0 0 0 -999 -9 -9 -9 -9 -9 418.62 1.4 24 -0.0621999986 37.2971992493 3688 3678 10 -999.999 -999.999 2 1 18 1
MKN 2022 5 24 0 0 0 -999 -9 -9 -9 -9 -9 419.43 1.98 24 -0.0621999986 37.2971992493 3688 3678 10 -999.999 -999.999 2 1 18 1
MKN 2022 5 25 0 0 0 -999 -9 -9 -9 -9 -9 417.81 1.77 24 -0.0621999986 37.2971992493 3688 3678 10 -999.999 -999.999 2 1 18 1
MKN 2022 5 26 0 0 0 -999 -9 -9 -9 -9 -9 417.84 1.31 24 -0.0621999986 37.2971992493 3688 3678 10 -999.999 -999.999 2 1 18 1
MKN 2022 5 27 0 0 0 -999 -9 -9 -9 -9 -9 418.15 0.95 24 -0.0621999986 37.2971992493 3688 3678 10 -999.999 -999.999 2 1 18 1
MKN 2022 5 28 0 0 0 -999 -9 -9 -9 -9 -9 418.47 1.5 24 -0.0621999986 37.2971992493 3688 3678 10 -999.999 -999.999 2 1 18 1
MKN 2022 5 29 0 0 0 -999 -9 -9 -9 -9 -9 418.24 1.69 24 -0.0621999986 37.2971992493 3688 3678 10 -999.999 -999.999 2 1 18 1
MKN 2022 5 30 0 0 0 -999 -9 -9 -9 -9 -9 417.64 1.44 24 -0.0621999986 37.2971992493 3688 3678 10 -999.999 -999.999 2 1 18 1
MKN 2022 5 31 0 0 0 -999 -9 -9 -9 -9 -9 418.35 1.88 24 -0.0621999986 37.2971992493 3688 3678 10 -999.999 -999.999 2 1 18 1
MKN 2022 6 1 0 0 0 -999 -9 -9 -9 -9 -9 419.36 0.62 24 -0.0621999986 37.2971992493 3688 3678 10 -999.999 -999.999 2 1 18 1
MKN 2022 6 2 0 0 0 -999 -9 -9 -9 -9 -9 418.14 1.95 24 -0.0621999986 37.2971992493 3688 3678 10 -999.999 -999.999 2 1 18 1
MKN 2022 6 3 0 0 0 -999 -9 -9 -9 -9 -9 415.89 2.2 24 -0.0621999986 37.2971992493 3688 3678 10 -999.999 -999.999 2 1 18 1
MKN 2022 6 4 0 0 0 -999 -9 -9 -9 -9 -9 416.06 1.89 24 -0.0621999986 37.2971992493 3688 3678 10 -999.999 -999.999 2 1 18 1
MKN 2022 6 5 0 0 0 -999 -9 -9 -9 -9 -9 414.6 1.31 24 -0.0621999986 37.2971992493 3688 3678 10 -999.999 -999.999 2 1 18 1
MKN 2022 6 6 0 0 0 -999 -9 -9 -9 -9 -9 415.54 1.77 24 -0.0621999986 37.2971992493 3688 3678 10 -999.999 -999.999 2 1 18 1
MKN 2022 6 7 0 0 0 -999 -9 -9 -9 -9 -9 416.27 1.61 24 -0.0621999986 37.2971992493 3688 3678 10 -999.999 -999.999 2 1 18 1
MKN 2022 6 8 0 0 0 -999 -9 -9 -9 -9 -9 417.28 1.82 23 -0.0621999986 37.2971992493 3688 3678 10 -999.999 -999.999 2 1 18 1
MKN 2022 6 9 0 0 0 -999 -9 -9 -9 -9 -9 416.93 2.64 24 -0.0621999986 37.2971992493 3688 3678 10 -999.999 -999.999 2 1 18 1
MKN 2022 6 10 0 0 0 -999 -9 -9 -9 -9 -9 417.1 2.31 24 -0.0621999986 37.2971992493 3688 3678 10 -999.999 -999.999 2 1 18 1
MKN 2022 6 11 0 0 0 -999 -9 -9 -9 -9 -9 415.64 1.78 24 -0.0621999986 37.2971992493 3688 3678 10 -999.999 -999.999 2 1 18 1
MKN 2022 6 12 0 0 0 -999 -9 -9 -9 -9 -9 415.65 1.02 24 -0.0621999986 37.2971992493 3688 3678 10 -999.999 -999.999 2 1 18 1
MKN 2022 6 13 0 0 0 -999 -9 -9 -9 -9 -9 415.56 1.44 24 -0.0621999986 37.2971992493 3688 3678 10 -999.999 -999.999 2 1 18 1
MKN 2022 6 14 0 0 0 -999 -9 -9 -9 -9 -9 418.97 1.58 24 -0.0621999986 37.2971992493 3688 3678 10 -999.999 -999.999 2 1 18 1
MKN 2022 6 15 0 0 0 -999 -9 -9 -9 -9 -9 419.03 1.88 24 -0.0621999986 37.2971992493 3688 3678 10 -999.999 -999.999 2 1 18 1
MKN 2022 6 16 0 0 0 -999 -9 -9 -9 -9 -9 418.19 2.64 24 -0.0621999986 37.2971992493 3688 3678 10 -999.999 -999.999 2 1 18 1
MKN 2022 6 17 0 0 0 -999 -9 -9 -9 -9 -9 418.39 2.41 24 -0.0621999986 37.2971992493 3688 3678 10 -999.999 -999.999 2 1 18 1
MKN 2022 6 18 0 0 0 -999 -9 -9 -9 -9 -9 417.42 1.95 24 -0.0621999986 37.2971992493 3688 3678 10 -999.999 -999.999 2 1 18 1
MKN 2022 6 19 0 0 0 -999 -9 -9 -9 -9 -9 416.52 1.3 24 -0.0621999986 37.2971992493 3688 3678 10 -999.999 -999.999 2 1 18 1
MKN 2022 6 20 0 0 0 -999 -9 -9 -9 -9 -9 415.38 1.46 24 -0.0621999986 37.2971992493 3688 3678 10 -999.999 -999.999 2 1 18 1
MKN 2022 6 21 0 0 0 -999 -9 -9 -9 -9 -9 414.61 1.49 24 -0.0621999986 37.2971992493 3688 3678 10 -999.999 -999.999 2 1 18 1
MKN 2022 6 22 0 0 0 -999 -9 -9 -9 -9 -9 416.58 1.42 24 -0.0621999986 37.2971992493 3688 3678 10 -999.999 -999.999 2 1 18 1
MKN 2022 6 23 0 0 0 -999 -9 -9 -9 -9 -9 416.96 1.42 24 -0.0621999986 37.2971992493 3688 3678 10 -999.999 -999.999 2 1 18 1
MKN 2022 6 24 0 0 0 -999 -9 -9 -9 -9 -9 417.55 1.08 24 -0.0621999986 37.2971992493 3688 3678 10 -999.999 -999.999 2 1 18 1
MKN 2022 6 25 0 0 0 -999 -9 -9 -9 -9 -9 416.29 0.85 24 -0.0621999986 37.2971992493 3688 3678 10 -999.999 -999.999 2 1 18 1
MKN 2022 6 26 0 0 0 -999 -9 -9 -9 -9 -9 416.42 1.22 24 -0.0621999986 37.2971992493 3688 3678 10 -999.999 -999.999 2 1 18 1
MKN 2022 6 27 0 0 0 -999 -9 -9 -9 -9 -9 415.49 1.27 24 -0.0621999986 37.2971992493 3688 3678 10 -999.999 -999.999 2 1 18 1
MKN 2022 6 28 0 0 0 -999 -9 -9 -9 -9 -9 416.42 1.15 17 -0.0621999986 37.2971992493 3688 3678 10 -999.999 -999.999 2 1 18 1
MKN 2022 6 29 0 0 0 -999 -9 -9 -9 -9 -9 415.79 2.34 24 -0.0621999986 37.2971992493 3688 3678 10 -999.999 -999.999 2 1 18 1
MKN 2022 6 30 0 0 0 -999 -9 -9 -9 -9 -9 417.16 2 24 -0.0621999986 37.2971992493 3688 3678 10 -999.999 -999.999 2 1 18 1
MKN 2022 7 1 0 0 0 -999 -9 -9 -9 -9 -9 -999.999 -999.999 -9 -0.0621999986 37.2971992493 3688 3678 10 -999.999 -999.999 3 1 18 1
