site_gaw_id year month day hour minute second year month day hour minute second value value_unc nvalue latitude longitude altitude elevation intake_height flask_no ORG_QCflag QCflag instrument measurement_method scale
MKN 2022 1 1 0 0 0 -999 -9 -9 -9 -9 -9 1919.25 4.83 24 -0.0621999986 37.2971992493 3688 3678 10 -999.999 -999.999 2 1 18 1
MKN 2022 1 2 0 0 0 -999 -9 -9 -9 -9 -9 1925.52 3.94 24 -0.0621999986 37.2971992493 3688 3678 10 -999.999 -999.999 2 1 18 1
MKN 2022 1 3 0 0 0 -999 -9 -9 -9 -9 -9 1925.96 6.15 24 -0.0621999986 37.2971992493 3688 3678 10 -999.999 -999.999 2 1 18 1
MKN 2022 1 4 0 0 0 -999 -9 -9 -9 -9 -9 1929.24 3.89 24 -0.0621999986 37.2971992493 3688 3678 10 -999.999 -999.999 2 1 18 1
MKN 2022 1 5 0 0 0 -999 -9 -9 -9 -9 -9 1932.28 4.78 24 -0.0621999986 37.2971992493 3688 3678 10 -999.999 -999.999 2 1 18 1
MKN 2022 1 6 0 0 0 -999 -9 -9 -9 -9 -9 1931.5 5.4 24 -0.0621999986 37.2971992493 3688 3678 10 -999.999 -999.999 2 1 18 1
MKN 2022 1 7 0 0 0 -999 -9 -9 -9 -9 -9 1931.56 5.86 24 -0.0621999986 37.2971992493 3688 3678 10 -999.999 -999.999 2 1 18 1
MKN 2022 1 8 0 0 0 -999 -9 -9 -9 -9 -9 1929.62 5.15 24 -0.0621999986 37.2971992493 3688 3678 10 -999.999 -999.999 2 1 18 1
MKN 2022 1 9 0 0 0 -999 -9 -9 -9 -9 -9 1933.09 5.09 24 -0.0621999986 37.2971992493 3688 3678 10 -999.999 -999.999 2 1 18 1
MKN 2022 1 10 0 0 0 -999 -9 -9 -9 -9 -9 1927.86 10.04 24 -0.0621999986 37.2971992493 3688 3678 10 -999.999 -999.999 2 1 18 1
MKN 2022 1 11 0 0 0 -999 -9 -9 -9 -9 -9 1920.66 17.04 22 -0.0621999986 37.2971992493 3688 3678 10 -999.999 -999.999 2 1 18 1
MKN 2022 1 12 0 0 0 -999 -9 -9 -9 -9 -9 -999.999 -999.999 -9 -0.0621999986 37.2971992493 3688 3678 10 -999.999 -999.999 3 1 18 1
MKN 2022 1 13 0 0 0 -999 -9 -9 -9 -9 -9 -999.999 -999.999 -9 -0.0621999986 37.2971992493 3688 3678 10 -999.999 -999.999 3 1 18 1
MKN 2022 1 14 0 0 0 -999 -9 -9 -9 -9 -9 -999.999 -999.999 -9 -0.0621999986 37.2971992493 3688 3678 10 -999.999 -999.999 3 1 18 1
MKN 2022 1 15 0 0 0 -999 -9 -9 -9 -9 -9 -999.999 -999.999 -9 -0.0621999986 37.2971992493 3688 3678 10 -999.999 -999.999 3 1 18 1
MKN 2022 1 16 0 0 0 -999 -9 -9 -9 -9 -9 -999.999 -999.999 -9 -0.0621999986 37.2971992493 3688 3678 10 -999.999 -999.999 3 1 18 1
MKN 2022 1 17 0 0 0 -999 -9 -9 -9 -9 -9 -999.999 -999.999 -9 -0.0621999986 37.2971992493 3688 3678 10 -999.999 -999.999 3 1 18 1
MKN 2022 1 18 0 0 0 -999 -9 -9 -9 -9 -9 -999.999 -999.999 -9 -0.0621999986 37.2971992493 3688 3678 10 -999.999 -999.999 3 1 18 1
MKN 2022 1 19 0 0 0 -999 -9 -9 -9 -9 -9 -999.999 -999.999 -9 -0.0621999986 37.2971992493 3688 3678 10 -999.999 -999.999 3 1 18 1
MKN 2022 1 20 0 0 0 -999 -9 -9 -9 -9 -9 -999.999 -999.999 -9 -0.0621999986 37.2971992493 3688 3678 10 -999.999 -999.999 3 1 18 1
MKN 2022 1 21 0 0 0 -999 -9 -9 -9 -9 -9 -999.999 -999.999 -9 -0.0621999986 37.2971992493 3688 3678 10 -999.999 -999.999 3 1 18 1
MKN 2022 1 22 0 0 0 -999 -9 -9 -9 -9 -9 -999.999 -999.999 -9 -0.0621999986 37.2971992493 3688 3678 10 -999.999 -999.999 3 1 18 1
MKN 2022 1 23 0 0 0 -999 -9 -9 -9 -9 -9 -999.999 -999.999 -9 -0.0621999986 37.2971992493 3688 3678 10 -999.999 -999.999 3 1 18 1
MKN 2022 1 24 0 0 0 -999 -9 -9 -9 -9 -9 -999.999 -999.999 -9 -0.0621999986 37.2971992493 3688 3678 10 -999.999 -999.999 3 1 18 1
MKN 2022 1 25 0 0 0 -999 -9 -9 -9 -9 -9 -999.999 -999.999 -9 -0.0621999986 37.2971992493 3688 3678 10 -999.999 -999.999 3 1 18 1
MKN 2022 1 26 0 0 0 -999 -9 -9 -9 -9 -9 -999.999 -999.999 -9 -0.0621999986 37.2971992493 3688 3678 10 -999.999 -999.999 3 1 18 1
MKN 2022 1 27 0 0 0 -999 -9 -9 -9 -9 -9 -999.999 -999.999 -9 -0.0621999986 37.2971992493 3688 3678 10 -999.999 -999.999 3 1 18 1
MKN 2022 1 28 0 0 0 -999 -9 -9 -9 -9 -9 -999.999 -999.999 -9 -0.0621999986 37.2971992493 3688 3678 10 -999.999 -999.999 3 1 18 1
MKN 2022 1 29 0 0 0 -999 -9 -9 -9 -9 -9 -999.999 -999.999 -9 -0.0621999986 37.2971992493 3688 3678 10 -999.999 -999.999 3 1 18 1
MKN 2022 1 30 0 0 0 -999 -9 -9 -9 -9 -9 -999.999 -999.999 -9 -0.0621999986 37.2971992493 3688 3678 10 -999.999 -999.999 3 1 18 1
MKN 2022 1 31 0 0 0 -999 -9 -9 -9 -9 -9 -999.999 -999.999 -9 -0.0621999986 37.2971992493 3688 3678 10 -999.999 -999.999 3 1 18 1
MKN 2022 2 1 0 0 0 -999 -9 -9 -9 -9 -9 -999.999 -999.999 -9 -0.0621999986 37.2971992493 3688 3678 10 -999.999 -999.999 3 1 18 1
MKN 2022 2 2 0 0 0 -999 -9 -9 -9 -9 -9 -999.999 -999.999 -9 -0.0621999986 37.2971992493 3688 3678 10 -999.999 -999.999 3 1 18 1
MKN 2022 2 3 0 0 0 -999 -9 -9 -9 -9 -9 1932.43 7.77 13 -0.0621999986 37.2971992493 3688 3678 10 -999.999 -999.999 2 1 18 1
MKN 2022 2 4 0 0 0 -999 -9 -9 -9 -9 -9 1932.65 6.87 24 -0.0621999986 37.2971992493 3688 3678 10 -999.999 -999.999 2 1 18 1
MKN 2022 2 5 0 0 0 -999 -9 -9 -9 -9 -9 1932.47 5.66 24 -0.0621999986 37.2971992493 3688 3678 10 -999.999 -999.999 2 1 18 1
MKN 2022 2 6 0 0 0 -999 -9 -9 -9 -9 -9 1929 4.12 24 -0.0621999986 37.2971992493 3688 3678 10 -999.999 -999.999 2 1 18 1
MKN 2022 2 7 0 0 0 -999 -9 -9 -9 -9 -9 1927.12 2.13 24 -0.0621999986 37.2971992493 3688 3678 10 -999.999 -999.999 2 1 18 1
MKN 2022 2 8 0 0 0 -999 -9 -9 -9 -9 -9 1925.66 5.57 24 -0.0621999986 37.2971992493 3688 3678 10 -999.999 -999.999 2 1 18 1
MKN 2022 2 9 0 0 0 -999 -9 -9 -9 -9 -9 1922.5 5.37 24 -0.0621999986 37.2971992493 3688 3678 10 -999.999 -999.999 2 1 18 1
MKN 2022 2 10 0 0 0 -999 -9 -9 -9 -9 -9 1928.43 4.56 24 -0.0621999986 37.2971992493 3688 3678 10 -999.999 -999.999 2 1 18 1
MKN 2022 2 11 0 0 0 -999 -9 -9 -9 -9 -9 1936.52 2.66 24 -0.0621999986 37.2971992493 3688 3678 10 -999.999 -999.999 2 1 18 1
MKN 2022 2 12 0 0 0 -999 -9 -9 -9 -9 -9 1941.89 6.38 24 -0.0621999986 37.2971992493 3688 3678 10 -999.999 -999.999 2 1 18 1
MKN 2022 2 13 0 0 0 -999 -9 -9 -9 -9 -9 1946.12 3.57 24 -0.0621999986 37.2971992493 3688 3678 10 -999.999 -999.999 2 1 18 1
MKN 2022 2 14 0 0 0 -999 -9 -9 -9 -9 -9 1940.71 5.02 24 -0.0621999986 37.2971992493 3688 3678 10 -999.999 -999.999 2 1 18 1
MKN 2022 2 15 0 0 0 -999 -9 -9 -9 -9 -9 1932.44 4.12 24 -0.0621999986 37.2971992493 3688 3678 10 -999.999 -999.999 2 1 18 1
MKN 2022 2 16 0 0 0 -999 -9 -9 -9 -9 -9 1930.76 6.88 24 -0.0621999986 37.2971992493 3688 3678 10 -999.999 -999.999 2 1 18 1
MKN 2022 2 17 0 0 0 -999 -9 -9 -9 -9 -9 1934.73 4.28 24 -0.0621999986 37.2971992493 3688 3678 10 -999.999 -999.999 2 1 18 1
MKN 2022 2 18 0 0 0 -999 -9 -9 -9 -9 -9 1933.78 4.3 24 -0.0621999986 37.2971992493 3688 3678 10 -999.999 -999.999 2 1 18 1
MKN 2022 2 19 0 0 0 -999 -9 -9 -9 -9 -9 1932.45 2.87 24 -0.0621999986 37.2971992493 3688 3678 10 -999.999 -999.999 2 1 18 1
MKN 2022 2 20 0 0 0 -999 -9 -9 -9 -9 -9 1933.06 5.53 24 -0.0621999986 37.2971992493 3688 3678 10 -999.999 -999.999 2 1 18 1
MKN 2022 2 21 0 0 0 -999 -9 -9 -9 -9 -9 1939.08 5.98 24 -0.0621999986 37.2971992493 3688 3678 10 -999.999 -999.999 2 1 18 1
MKN 2022 2 22 0 0 0 -999 -9 -9 -9 -9 -9 1937.74 2.41 24 -0.0621999986 37.2971992493 3688 3678 10 -999.999 -999.999 2 1 18 1
MKN 2022 2 23 0 0 0 -999 -9 -9 -9 -9 -9 1937.2 2.29 24 -0.0621999986 37.2971992493 3688 3678 10 -999.999 -999.999 2 1 18 1
MKN 2022 2 24 0 0 0 -999 -9 -9 -9 -9 -9 1938.11 3.07 24 -0.0621999986 37.2971992493 3688 3678 10 -999.999 -999.999 2 1 18 1
MKN 2022 2 25 0 0 0 -999 -9 -9 -9 -9 -9 1928.82 4.16 24 -0.0621999986 37.2971992493 3688 3678 10 -999.999 -999.999 2 1 18 1
MKN 2022 2 26 0 0 0 -999 -9 -9 -9 -9 -9 1920.19 9.23 24 -0.0621999986 37.2971992493 3688 3678 10 -999.999 -999.999 2 1 18 1
MKN 2022 2 27 0 0 0 -999 -9 -9 -9 -9 -9 1916.23 6.38 24 -0.0621999986 37.2971992493 3688 3678 10 -999.999 -999.999 2 1 18 1
MKN 2022 2 28 0 0 0 -999 -9 -9 -9 -9 -9 1925.33 2.24 24 -0.0621999986 37.2971992493 3688 3678 10 -999.999 -999.999 2 1 18 1
MKN 2022 3 1 0 0 0 -999 -9 -9 -9 -9 -9 1929.19 2.63 24 -0.0621999986 37.2971992493 3688 3678 10 -999.999 -999.999 2 1 18 1
MKN 2022 3 2 0 0 0 -999 -9 -9 -9 -9 -9 1930.2 1.89 24 -0.0621999986 37.2971992493 3688 3678 10 -999.999 -999.999 2 1 18 1
MKN 2022 3 3 0 0 0 -999 -9 -9 -9 -9 -9 1928.02 4.51 24 -0.0621999986 37.2971992493 3688 3678 10 -999.999 -999.999 2 1 18 1
MKN 2022 3 4 0 0 0 -999 -9 -9 -9 -9 -9 1922.86 5.1 24 -0.0621999986 37.2971992493 3688 3678 10 -999.999 -999.999 2 1 18 1
MKN 2022 3 5 0 0 0 -999 -9 -9 -9 -9 -9 1925.65 4.98 24 -0.0621999986 37.2971992493 3688 3678 10 -999.999 -999.999 2 1 18 1
MKN 2022 3 6 0 0 0 -999 -9 -9 -9 -9 -9 1930.69 4.67 24 -0.0621999986 37.2971992493 3688 3678 10 -999.999 -999.999 2 1 18 1
MKN 2022 3 7 0 0 0 -999 -9 -9 -9 -9 -9 1935.62 4.12 24 -0.0621999986 37.2971992493 3688 3678 10 -999.999 -999.999 2 1 18 1
MKN 2022 3 8 0 0 0 -999 -9 -9 -9 -9 -9 1933.57 5.1 24 -0.0621999986 37.2971992493 3688 3678 10 -999.999 -999.999 2 1 18 1
MKN 2022 3 9 0 0 0 -999 -9 -9 -9 -9 -9 1925.74 12.66 24 -0.0621999986 37.2971992493 3688 3678 10 -999.999 -999.999 2 1 18 1
MKN 2022 3 10 0 0 0 -999 -9 -9 -9 -9 -9 1910.64 8.33 24 -0.0621999986 37.2971992493 3688 3678 10 -999.999 -999.999 2 1 18 1
MKN 2022 3 11 0 0 0 -999 -9 -9 -9 -9 -9 1909.52 10.35 24 -0.0621999986 37.2971992493 3688 3678 10 -999.999 -999.999 2 1 18 1
MKN 2022 3 12 0 0 0 -999 -9 -9 -9 -9 -9 1915.25 12.03 24 -0.0621999986 37.2971992493 3688 3678 10 -999.999 -999.999 2 1 18 1
MKN 2022 3 13 0 0 0 -999 -9 -9 -9 -9 -9 1927.26 3.1 24 -0.0621999986 37.2971992493 3688 3678 10 -999.999 -999.999 2 1 18 1
MKN 2022 3 14 0 0 0 -999 -9 -9 -9 -9 -9 1930.21 2.64 24 -0.0621999986 37.2971992493 3688 3678 10 -999.999 -999.999 2 1 18 1
MKN 2022 3 15 0 0 0 -999 -9 -9 -9 -9 -9 1930.56 5.13 24 -0.0621999986 37.2971992493 3688 3678 10 -999.999 -999.999 2 1 18 1
MKN 2022 3 16 0 0 0 -999 -9 -9 -9 -9 -9 1932.98 4.99 24 -0.0621999986 37.2971992493 3688 3678 10 -999.999 -999.999 2 1 18 1
MKN 2022 3 17 0 0 0 -999 -9 -9 -9 -9 -9 1927.76 5.9 24 -0.0621999986 37.2971992493 3688 3678 10 -999.999 -999.999 2 1 18 1
MKN 2022 3 18 0 0 0 -999 -9 -9 -9 -9 -9 1926.14 13.61 24 -0.0621999986 37.2971992493 3688 3678 10 -999.999 -999.999 2 1 18 1
MKN 2022 3 19 0 0 0 -999 -9 -9 -9 -9 -9 1931.88 12.12 24 -0.0621999986 37.2971992493 3688 3678 10 -999.999 -999.999 2 1 18 1
MKN 2022 3 20 0 0 0 -999 -9 -9 -9 -9 -9 1932.14 14.83 23 -0.0621999986 37.2971992493 3688 3678 10 -999.999 -999.999 2 1 18 1
MKN 2022 3 21 0 0 0 -999 -9 -9 -9 -9 -9 1946.04 12.3 24 -0.0621999986 37.2971992493 3688 3678 10 -999.999 -999.999 2 1 18 1
MKN 2022 3 22 0 0 0 -999 -9 -9 -9 -9 -9 1938.9 9.1 24 -0.0621999986 37.2971992493 3688 3678 10 -999.999 -999.999 2 1 18 1
MKN 2022 3 23 0 0 0 -999 -9 -9 -9 -9 -9 1931.56 9.91 24 -0.0621999986 37.2971992493 3688 3678 10 -999.999 -999.999 2 1 18 1
MKN 2022 3 24 0 0 0 -999 -9 -9 -9 -9 -9 1934.23 10.87 24 -0.0621999986 37.2971992493 3688 3678 10 -999.999 -999.999 2 1 18 1
MKN 2022 3 25 0 0 0 -999 -9 -9 -9 -9 -9 1926.83 13.27 24 -0.0621999986 37.2971992493 3688 3678 10 -999.999 -999.999 2 1 18 1
MKN 2022 3 26 0 0 0 -999 -9 -9 -9 -9 -9 1917.67 6.57 8 -0.0621999986 37.2971992493 3688 3678 10 -999.999 -999.999 2 1 18 1
MKN 2022 3 27 0 0 0 -999 -9 -9 -9 -9 -9 -999.999 -999.999 -9 -0.0621999986 37.2971992493 3688 3678 10 -999.999 -999.999 3 1 18 1
MKN 2022 3 28 0 0 0 -999 -9 -9 -9 -9 -9 1902.32 5.64 10 -0.0621999986 37.2971992493 3688 3678 10 -999.999 -999.999 2 1 18 1
MKN 2022 3 29 0 0 0 -999 -9 -9 -9 -9 -9 1898.73 11.05 24 -0.0621999986 37.2971992493 3688 3678 10 -999.999 -999.999 2 1 18 1
MKN 2022 3 30 0 0 0 -999 -9 -9 -9 -9 -9 1915.35 13.46 24 -0.0621999986 37.2971992493 3688 3678 10 -999.999 -999.999 2 1 18 1
MKN 2022 3 31 0 0 0 -999 -9 -9 -9 -9 -9 1929.94 6.72 24 -0.0621999986 37.2971992493 3688 3678 10 -999.999 -999.999 2 1 18 1
MKN 2022 4 1 0 0 0 -999 -9 -9 -9 -9 -9 1910.83 3.22 24 -0.0621999986 37.2971992493 3688 3678 10 -999.999 -999.999 2 1 18 1
MKN 2022 4 2 0 0 0 -999 -9 -9 -9 -9 -9 1895.92 4.11 24 -0.0621999986 37.2971992493 3688 3678 10 -999.999 -999.999 2 1 18 1
MKN 2022 4 3 0 0 0 -999 -9 -9 -9 -9 -9 1897.35 9.85 24 -0.0621999986 37.2971992493 3688 3678 10 -999.999 -999.999 2 1 18 1
MKN 2022 4 4 0 0 0 -999 -9 -9 -9 -9 -9 1905.54 8.5 24 -0.0621999986 37.2971992493 3688 3678 10 -999.999 -999.999 2 1 18 1
MKN 2022 4 5 0 0 0 -999 -9 -9 -9 -9 -9 1898.95 7.44 24 -0.0621999986 37.2971992493 3688 3678 10 -999.999 -999.999 2 1 18 1
MKN 2022 4 6 0 0 0 -999 -9 -9 -9 -9 -9 1908.27 12.8 24 -0.0621999986 37.2971992493 3688 3678 10 -999.999 -999.999 2 1 18 1
MKN 2022 4 7 0 0 0 -999 -9 -9 -9 -9 -9 1910.36 5.28 24 -0.0621999986 37.2971992493 3688 3678 10 -999.999 -999.999 2 1 18 1
MKN 2022 4 8 0 0 0 -999 -9 -9 -9 -9 -9 1896.67 4.4 23 -0.0621999986 37.2971992493 3688 3678 10 -999.999 -999.999 2 1 18 1
MKN 2022 4 9 0 0 0 -999 -9 -9 -9 -9 -9 1895.19 4.34 24 -0.0621999986 37.2971992493 3688 3678 10 -999.999 -999.999 2 1 18 1
MKN 2022 4 10 0 0 0 -999 -9 -9 -9 -9 -9 1894.22 3.76 24 -0.0621999986 37.2971992493 3688 3678 10 -999.999 -999.999 2 1 18 1
MKN 2022 4 11 0 0 0 -999 -9 -9 -9 -9 -9 1889.95 7.49 24 -0.0621999986 37.2971992493 3688 3678 10 -999.999 -999.999 2 1 18 1
MKN 2022 4 12 0 0 0 -999 -9 -9 -9 -9 -9 1896.86 6.3 24 -0.0621999986 37.2971992493 3688 3678 10 -999.999 -999.999 2 1 18 1
MKN 2022 4 13 0 0 0 -999 -9 -9 -9 -9 -9 1889.73 5.8 24 -0.0621999986 37.2971992493 3688 3678 10 -999.999 -999.999 2 1 18 1
MKN 2022 4 14 0 0 0 -999 -9 -9 -9 -9 -9 1885.68 3.53 24 -0.0621999986 37.2971992493 3688 3678 10 -999.999 -999.999 2 1 18 1
MKN 2022 4 15 0 0 0 -999 -9 -9 -9 -9 -9 1882.88 2.5 24 -0.0621999986 37.2971992493 3688 3678 10 -999.999 -999.999 2 1 18 1
MKN 2022 4 16 0 0 0 -999 -9 -9 -9 -9 -9 1886.07 2.84 24 -0.0621999986 37.2971992493 3688 3678 10 -999.999 -999.999 2 1 18 1
MKN 2022 4 17 0 0 0 -999 -9 -9 -9 -9 -9 1889.18 4.75 24 -0.0621999986 37.2971992493 3688 3678 10 -999.999 -999.999 2 1 18 1
MKN 2022 4 18 0 0 0 -999 -9 -9 -9 -9 -9 1889.73 2.93 24 -0.0621999986 37.2971992493 3688 3678 10 -999.999 -999.999 2 1 18 1
MKN 2022 4 19 0 0 0 -999 -9 -9 -9 -9 -9 1895.88 6.79 24 -0.0621999986 37.2971992493 3688 3678 10 -999.999 -999.999 2 1 18 1
MKN 2022 4 20 0 0 0 -999 -9 -9 -9 -9 -9 1904.18 6.51 24 -0.0621999986 37.2971992493 3688 3678 10 -999.999 -999.999 2 1 18 1
MKN 2022 4 21 0 0 0 -999 -9 -9 -9 -9 -9 1900.03 3.28 24 -0.0621999986 37.2971992493 3688 3678 10 -999.999 -999.999 2 1 18 1
MKN 2022 4 22 0 0 0 -999 -9 -9 -9 -9 -9 1894.63 6.14 24 -0.0621999986 37.2971992493 3688 3678 10 -999.999 -999.999 2 1 18 1
MKN 2022 4 23 0 0 0 -999 -9 -9 -9 -9 -9 1900.07 3.17 24 -0.0621999986 37.2971992493 3688 3678 10 -999.999 -999.999 2 1 18 1
MKN 2022 4 24 0 0 0 -999 -9 -9 -9 -9 -9 1900.66 3.55 24 -0.0621999986 37.2971992493 3688 3678 10 -999.999 -999.999 2 1 18 1
MKN 2022 4 25 0 0 0 -999 -9 -9 -9 -9 -9 1899.24 5.07 24 -0.0621999986 37.2971992493 3688 3678 10 -999.999 -999.999 2 1 18 1
MKN 2022 4 26 0 0 0 -999 -9 -9 -9 -9 -9 1893.58 5.33 24 -0.0621999986 37.2971992493 3688 3678 10 -999.999 -999.999 2 1 18 1
MKN 2022 4 27 0 0 0 -999 -9 -9 -9 -9 -9 1883.86 3.74 24 -0.0621999986 37.2971992493 3688 3678 10 -999.999 -999.999 2 1 18 1
MKN 2022 4 28 0 0 0 -999 -9 -9 -9 -9 -9 1883.59 2.2 24 -0.0621999986 37.2971992493 3688 3678 10 -999.999 -999.999 2 1 18 1
MKN 2022 4 29 0 0 0 -999 -9 -9 -9 -9 -9 1880.92 3.14 24 -0.0621999986 37.2971992493 3688 3678 10 -999.999 -999.999 2 1 18 1
MKN 2022 4 30 0 0 0 -999 -9 -9 -9 -9 -9 1886.4 5.27 24 -0.0621999986 37.2971992493 3688 3678 10 -999.999 -999.999 2 1 18 1
MKN 2022 5 1 0 0 0 -999 -9 -9 -9 -9 -9 1893.02 3.91 24 -0.0621999986 37.2971992493 3688 3678 10 -999.999 -999.999 2 1 18 1
MKN 2022 5 2 0 0 0 -999 -9 -9 -9 -9 -9 1886.26 1.46 24 -0.0621999986 37.2971992493 3688 3678 10 -999.999 -999.999 2 1 18 1
MKN 2022 5 3 0 0 0 -999 -9 -9 -9 -9 -9 1883.7 2.71 24 -0.0621999986 37.2971992493 3688 3678 10 -999.999 -999.999 2 1 18 1
MKN 2022 5 4 0 0 0 -999 -9 -9 -9 -9 -9 1884.69 3.37 24 -0.0621999986 37.2971992493 3688 3678 10 -999.999 -999.999 2 1 18 1
MKN 2022 5 5 0 0 0 -999 -9 -9 -9 -9 -9 1888.99 4.98 24 -0.0621999986 37.2971992493 3688 3678 10 -999.999 -999.999 2 1 18 1
MKN 2022 5 6 0 0 0 -999 -9 -9 -9 -9 -9 1895.06 13.71 24 -0.0621999986 37.2971992493 3688 3678 10 -999.999 -999.999 2 1 18 1
MKN 2022 5 7 0 0 0 -999 -9 -9 -9 -9 -9 1907.43 5.3 24 -0.0621999986 37.2971992493 3688 3678 10 -999.999 -999.999 2 1 18 1
MKN 2022 5 8 0 0 0 -999 -9 -9 -9 -9 -9 1915.02 3.61 24 -0.0621999986 37.2971992493 3688 3678 10 -999.999 -999.999 2 1 18 1
MKN 2022 5 9 0 0 0 -999 -9 -9 -9 -9 -9 1909.48 4.65 24 -0.0621999986 37.2971992493 3688 3678 10 -999.999 -999.999 2 1 18 1
MKN 2022 5 10 0 0 0 -999 -9 -9 -9 -9 -9 1904.9 4 24 -0.0621999986 37.2971992493 3688 3678 10 -999.999 -999.999 2 1 18 1
MKN 2022 5 11 0 0 0 -999 -9 -9 -9 -9 -9 1906.4 2.87 24 -0.0621999986 37.2971992493 3688 3678 10 -999.999 -999.999 2 1 18 1
MKN 2022 5 12 0 0 0 -999 -9 -9 -9 -9 -9 1906.59 7.27 24 -0.0621999986 37.2971992493 3688 3678 10 -999.999 -999.999 2 1 18 1
MKN 2022 5 13 0 0 0 -999 -9 -9 -9 -9 -9 1898.92 7.76 24 -0.0621999986 37.2971992493 3688 3678 10 -999.999 -999.999 2 1 18 1
MKN 2022 5 14 0 0 0 -999 -9 -9 -9 -9 -9 1922.81 5.67 24 -0.0621999986 37.2971992493 3688 3678 10 -999.999 -999.999 2 1 18 1
MKN 2022 5 15 0 0 0 -999 -9 -9 -9 -9 -9 1922.28 4.84 24 -0.0621999986 37.2971992493 3688 3678 10 -999.999 -999.999 2 1 18 1
MKN 2022 5 16 0 0 0 -999 -9 -9 -9 -9 -9 1908.76 5.65 24 -0.0621999986 37.2971992493 3688 3678 10 -999.999 -999.999 2 1 18 1
MKN 2022 5 17 0 0 0 -999 -9 -9 -9 -9 -9 1900.53 3.13 24 -0.0621999986 37.2971992493 3688 3678 10 -999.999 -999.999 2 1 18 1
MKN 2022 5 18 0 0 0 -999 -9 -9 -9 -9 -9 1902.23 2 24 -0.0621999986 37.2971992493 3688 3678 10 -999.999 -999.999 2 1 18 1
MKN 2022 5 19 0 0 0 -999 -9 -9 -9 -9 -9 1909.92 10.31 24 -0.0621999986 37.2971992493 3688 3678 10 -999.999 -999.999 2 1 18 1
MKN 2022 5 20 0 0 0 -999 -9 -9 -9 -9 -9 1926.21 4.9 24 -0.0621999986 37.2971992493 3688 3678 10 -999.999 -999.999 2 1 18 1
MKN 2022 5 21 0 0 0 -999 -9 -9 -9 -9 -9 1922.02 5.34 24 -0.0621999986 37.2971992493 3688 3678 10 -999.999 -999.999 2 1 18 1
MKN 2022 5 22 0 0 0 -999 -9 -9 -9 -9 -9 1914.79 5.13 24 -0.0621999986 37.2971992493 3688 3678 10 -999.999 -999.999 2 1 18 1
MKN 2022 5 23 0 0 0 -999 -9 -9 -9 -9 -9 1919.62 5.8 24 -0.0621999986 37.2971992493 3688 3678 10 -999.999 -999.999 2 1 18 1
MKN 2022 5 24 0 0 0 -999 -9 -9 -9 -9 -9 1919.75 3.6 24 -0.0621999986 37.2971992493 3688 3678 10 -999.999 -999.999 2 1 18 1
MKN 2022 5 25 0 0 0 -999 -9 -9 -9 -9 -9 1910.55 6.11 24 -0.0621999986 37.2971992493 3688 3678 10 -999.999 -999.999 2 1 18 1
MKN 2022 5 26 0 0 0 -999 -9 -9 -9 -9 -9 1910.08 5.52 24 -0.0621999986 37.2971992493 3688 3678 10 -999.999 -999.999 2 1 18 1
MKN 2022 5 27 0 0 0 -999 -9 -9 -9 -9 -9 1908.3 4.21 24 -0.0621999986 37.2971992493 3688 3678 10 -999.999 -999.999 2 1 18 1
MKN 2022 5 28 0 0 0 -999 -9 -9 -9 -9 -9 1912.42 4.01 24 -0.0621999986 37.2971992493 3688 3678 10 -999.999 -999.999 2 1 18 1
MKN 2022 5 29 0 0 0 -999 -9 -9 -9 -9 -9 1915.55 4.64 24 -0.0621999986 37.2971992493 3688 3678 10 -999.999 -999.999 2 1 18 1
MKN 2022 5 30 0 0 0 -999 -9 -9 -9 -9 -9 1912.44 6.38 24 -0.0621999986 37.2971992493 3688 3678 10 -999.999 -999.999 2 1 18 1
MKN 2022 5 31 0 0 0 -999 -9 -9 -9 -9 -9 1912.45 7.06 24 -0.0621999986 37.2971992493 3688 3678 10 -999.999 -999.999 2 1 18 1
MKN 2022 6 1 0 0 0 -999 -9 -9 -9 -9 -9 1919.04 4.15 24 -0.0621999986 37.2971992493 3688 3678 10 -999.999 -999.999 2 1 18 1
MKN 2022 6 2 0 0 0 -999 -9 -9 -9 -9 -9 1913.76 3.65 24 -0.0621999986 37.2971992493 3688 3678 10 -999.999 -999.999 2 1 18 1
MKN 2022 6 3 0 0 0 -999 -9 -9 -9 -9 -9 1903.56 4.16 24 -0.0621999986 37.2971992493 3688 3678 10 -999.999 -999.999 2 1 18 1
MKN 2022 6 4 0 0 0 -999 -9 -9 -9 -9 -9 1907.05 5.63 24 -0.0621999986 37.2971992493 3688 3678 10 -999.999 -999.999 2 1 18 1
MKN 2022 6 5 0 0 0 -999 -9 -9 -9 -9 -9 1897.03 3.93 24 -0.0621999986 37.2971992493 3688 3678 10 -999.999 -999.999 2 1 18 1
MKN 2022 6 6 0 0 0 -999 -9 -9 -9 -9 -9 1900.29 3.54 24 -0.0621999986 37.2971992493 3688 3678 10 -999.999 -999.999 2 1 18 1
MKN 2022 6 7 0 0 0 -999 -9 -9 -9 -9 -9 1898.12 3.88 24 -0.0621999986 37.2971992493 3688 3678 10 -999.999 -999.999 2 1 18 1
MKN 2022 6 8 0 0 0 -999 -9 -9 -9 -9 -9 1908.08 7.47 23 -0.0621999986 37.2971992493 3688 3678 10 -999.999 -999.999 2 1 18 1
MKN 2022 6 9 0 0 0 -999 -9 -9 -9 -9 -9 1910.96 9.25 24 -0.0621999986 37.2971992493 3688 3678 10 -999.999 -999.999 2 1 18 1
MKN 2022 6 10 0 0 0 -999 -9 -9 -9 -9 -9 1913.43 6.14 24 -0.0621999986 37.2971992493 3688 3678 10 -999.999 -999.999 2 1 18 1
MKN 2022 6 11 0 0 0 -999 -9 -9 -9 -9 -9 1906.1 4.52 24 -0.0621999986 37.2971992493 3688 3678 10 -999.999 -999.999 2 1 18 1
MKN 2022 6 12 0 0 0 -999 -9 -9 -9 -9 -9 1899.42 4.55 24 -0.0621999986 37.2971992493 3688 3678 10 -999.999 -999.999 2 1 18 1
MKN 2022 6 13 0 0 0 -999 -9 -9 -9 -9 -9 1896.79 2.86 24 -0.0621999986 37.2971992493 3688 3678 10 -999.999 -999.999 2 1 18 1
MKN 2022 6 14 0 0 0 -999 -9 -9 -9 -9 -9 1924 6.45 24 -0.0621999986 37.2971992493 3688 3678 10 -999.999 -999.999 2 1 18 1
MKN 2022 6 15 0 0 0 -999 -9 -9 -9 -9 -9 1927.27 3.03 24 -0.0621999986 37.2971992493 3688 3678 10 -999.999 -999.999 2 1 18 1
MKN 2022 6 16 0 0 0 -999 -9 -9 -9 -9 -9 1921.51 5.43 24 -0.0621999986 37.2971992493 3688 3678 10 -999.999 -999.999 2 1 18 1
MKN 2022 6 17 0 0 0 -999 -9 -9 -9 -9 -9 1918.37 5.36 24 -0.0621999986 37.2971992493 3688 3678 10 -999.999 -999.999 2 1 18 1
MKN 2022 6 18 0 0 0 -999 -9 -9 -9 -9 -9 1912.84 5.69 24 -0.0621999986 37.2971992493 3688 3678 10 -999.999 -999.999 2 1 18 1
MKN 2022 6 19 0 0 0 -999 -9 -9 -9 -9 -9 1907.45 3.22 24 -0.0621999986 37.2971992493 3688 3678 10 -999.999 -999.999 2 1 18 1
MKN 2022 6 20 0 0 0 -999 -9 -9 -9 -9 -9 1905.79 4.32 24 -0.0621999986 37.2971992493 3688 3678 10 -999.999 -999.999 2 1 18 1
MKN 2022 6 21 0 0 0 -999 -9 -9 -9 -9 -9 1900.6 3.28 24 -0.0621999986 37.2971992493 3688 3678 10 -999.999 -999.999 2 1 18 1
MKN 2022 6 22 0 0 0 -999 -9 -9 -9 -9 -9 1911.86 5.42 24 -0.0621999986 37.2971992493 3688 3678 10 -999.999 -999.999 2 1 18 1
MKN 2022 6 23 0 0 0 -999 -9 -9 -9 -9 -9 1913.33 6.85 24 -0.0621999986 37.2971992493 3688 3678 10 -999.999 -999.999 2 1 18 1
MKN 2022 6 24 0 0 0 -999 -9 -9 -9 -9 -9 1920.42 5.69 24 -0.0621999986 37.2971992493 3688 3678 10 -999.999 -999.999 2 1 18 1
MKN 2022 6 25 0 0 0 -999 -9 -9 -9 -9 -9 1907.61 3.49 24 -0.0621999986 37.2971992493 3688 3678 10 -999.999 -999.999 2 1 18 1
MKN 2022 6 26 0 0 0 -999 -9 -9 -9 -9 -9 1902.42 4.88 24 -0.0621999986 37.2971992493 3688 3678 10 -999.999 -999.999 2 1 18 1
MKN 2022 6 27 0 0 0 -999 -9 -9 -9 -9 -9 1904.73 1.14 24 -0.0621999986 37.2971992493 3688 3678 10 -999.999 -999.999 2 1 18 1
MKN 2022 6 28 0 0 0 -999 -9 -9 -9 -9 -9 1904.6 5.73 17 -0.0621999986 37.2971992493 3688 3678 10 -999.999 -999.999 2 1 18 1
MKN 2022 6 29 0 0 0 -999 -9 -9 -9 -9 -9 1910.3 6.26 24 -0.0621999986 37.2971992493 3688 3678 10 -999.999 -999.999 2 1 18 1
MKN 2022 6 30 0 0 0 -999 -9 -9 -9 -9 -9 1914.57 4.03 24 -0.0621999986 37.2971992493 3688 3678 10 -999.999 -999.999 2 1 18 1
MKN 2022 7 1 0 0 0 -999 -9 -9 -9 -9 -9 -999.999 -999.999 -9 -0.0621999986 37.2971992493 3688 3678 10 -999.999 -999.999 3 1 18 1
