001
VRXA00 LSSW 010001

iii zzzztttt itosurz0 tre200s0 uor200s0 tde200z0 prestas0 dkl010z0 fkl010z0 gor000z0 ods000zo dirrad
187 19991224000001 23.4 4.6 82.0 1.8 658.3 123.0 15.0 0.0 0.0 0.0
187 19991225000101 23.3 4.7 82.0 1.8 658.3 124.0 14.0 0.0 0.0 0.0
187 19991225000201 22.7 4.7 82.0 1.9 658.3 120.0 14.0 0.0 0.0 0.0
187 19991225000301 22.7 4.7 82.0 1.9 658.2 120.0 14.0 0.0 0.0 0.0
187 19991225000401 22.4 4.7 82.0 2.0 658.2 120.0 14.0 0.0 0.0 0.0
187 19991225000501 22.3 4.8 82.0 2.0 658.2 122.0 14.0 0.0 0.0 0.0
187 19991225000601 23.5 4.8 82.0 2.0 658.2 121.0 15.0 0.0 0.0 0.0
187 19991225000701 23.0 4.9 82.0 2.1 658.2 122.0 14.0 0.0 0.0 0.0
187 19991225000801 22.6 4.8 83.0 2.1 658.2 119.0 16.0 0.0 0.0 0.0
187 19991225000901 22.5 4.8 83.0 2.1 658.2 122.0 15.0 0.0 0.0 0.0
187 19991225001001 22.1 4.7 83.0 2.1 658.2 123.0 14.0 0.0 0.0 0.0
187 19991225001101 21.9 4.7 83.0 2.1 658.2 118.0 13.0 0.0 0.0 0.0
187 19991225001201 22.6 4.8 82.0 2.0 658.2 114.0 14.0 0.0 0.0 0.0
187 19991225001301 21.7 4.9 82.0 2.1 658.3 116.0 13.0 0.0 0.0 0.0
187 19991225001401 21.3 4.8 82.0 2.1 658.3 119.0 14.0 0.0 0.0 0.0
187 19991225001501 21.8 4.7 81.0 2.0 658.3 112.0 16.0 0.0 0.0 0.0
187 19991225001601 20.8 4.9 78.0 1.5 658.2 112.0 14.0 0.0 0.0 0.0
187 19991225001701 24.0 4.9 79.0 1.5 658.2 108.0 13.0 0.0 0.0 0.0
187 19991225001801 23.4 4.9 80.0 1.7 658.2 110.0 13.0 0.0 0.0 0.0
187 19991225001901 21.4 4.9 80.0 1.7 658.2 113.0 13.0 0.0 0.0 0.0
187 19991225002001 22.3 4.8 80.0 1.8 658.2 112.0 15.0 0.0 0.0 0.0
187 19991225002101 23.4 4.8 80.0 1.7 658.2 111.0 14.0 0.0 0.0 0.0
187 19991225002201 21.9 4.9 79.0 1.8 658.3 100.0 15.0 0.0 0.0 0.0
187 19991225002301 23.0 5.0 78.0 1.5 658.3 106.0 13.0 0.0 0.0 0.0
187 19991225002401 22.3 4.9 79.0 1.5 658.3 108.0 14.0 0.0 0.0 0.0
187 19991225002501 21.6 4.7 79.0 1.5 658.3 110.0 15.0 0.0 0.0 0.0
187 19991225002601 23.3 4.7 79.0 1.4 658.3 111.0 14.0 0.0 0.0 0.0
187 19991225002701 23.1 4.8 79.0 1.5 658.3 113.0 14.0 0.0 0.0 0.0
187 19991225002801 22.8 4.8 79.0 1.5 658.3 115.0 14.0 0.0 0.0 0.0
187 19991225002901 22.3 4.8 79.0 1.4 658.3 118.0 14.0 0.0 0.0 0.0
187 19991225003001 23.0 4.7 79.0 1.4 658.3 122.0 14.0 0.0 0.0 0.0
187 19991225003101 22.4 4.6 79.0 1.3 658.3 123.0 14.0 0.0 0.0 0.0
187 19991225003201 22.4 4.5 79.0 1.2 658.3 127.0 14.0 0.0 0.0 0.0
187 19991225003301 21.7 4.4 80.0 1.2 658.3 126.0 14.0 0.0 0.0 0.0
187 19991225003401 23.0 4.4 80.0 1.2 658.3 122.0 15.0 0.0 0.0 0.0
187 19991225003501 22.7 4.4 80.0 1.2 658.3 126.0 15.0 0.0 0.0 0.0
187 19991225003601 23.5 4.5 80.0 1.2 658.3 118.0 15.0 0.0 0.0 0.0
187 19991225003701 23.7 4.6 80.0 1.4 658.3 119.0 14.0 0.0 0.0 0.0
187 19991225003801 22.3 4.7 79.0 1.4 658.3 116.0 15.0 0.0 0.0 0.0
187 19991225003901 23.8 4.7 79.0 1.4 658.3 111.0 14.0 0.0 0.0 0.0
187 19991225004001 23.1 4.7 81.0 1.5 658.3 106.0 16.0 0.0 0.0 0.0
187 19991225004101 25.2 4.7 81.0 1.9 658.3 108.0 14.0 0.0 0.0 0.0
187 19991225004201 22.3 4.7 81.0 1.8 658.3 106.0 13.0 0.0 0.0 0.0
187 19991225004301 23.1 4.6 82.0 1.7 658.3 106.0 16.0 0.0 0.0 0.0
187 19991225004401 24.0 4.5 83.0 1.8 658.3 106.0 15.0 0.0 0.0 0.0
187 19991225004501 22.8 4.5 82.0 1.9 658.3 116.0 13.0 0.0 0.0 0.0
187 19991225004601 20.8 4.4 82.0 1.8 658.3 120.0 11.0 0.0 0.0 0.0
187 19991225004701 20.1 4.3 82.0 1.6 658.3 115.0 12.0 0.0 0.0 0.0
187 19991225004801 20.8 4.2 82.0 1.4 658.3 120.0 13.0 0.0 0.0 0.0
187 19991225004901 20.8 4.1 82.0 1.4 658.3 126.0 12.0 0.0 0.0 0.0
187 19991225005001 21.6 4.1 82.0 1.3 658.3 126.0 11.0 0.0 0.0 0.0
187 19991225005101 21.8 4.2 82.0 1.3 658.4 124.0 12.0 0.0 0.0 0.0
187 19991225005201 22.5 4.3 81.0 1.4 658.4 126.0 12.0 0.0 0.0 0.0
187 19991225005301 23.0 4.4 80.0 1.4 658.4 129.0 13.0 0.0 0.0 0.0
187 19991225005401 23.3 4.5 80.0 1.4 658.3 128.0 13.0 0.0 0.0 0.0
187 19991225005501 23.1 4.6 80.0 1.4 658.3 118.0 13.0 0.0 0.0 0.0
187 19991225005601 22.9 4.5 80.0 1.4 658.4 119.0 13.0 0.0 0.0 0.0
187 19991225005701 22.4 4.5 79.0 1.4 658.4 118.0 12.0 0.0 0.0 0.0
187 19991225005801 21.3 4.6 78.0 1.3 658.4 132.0 13.0 0.0 0.0 0.0
187 19991225005901 22.6 4.7 78.0 1.2 658.4 129.0 13.0 0.0 0.0 0.0
187 19991225010001 26.0 4.8 80.0 1.6 658.4 128.0 11.0 0.0 0.0 0.0
187 19991225010101 22.4 4.8 78.0 1.4 658.4 127.0 11.0 0.0 0.0 0.0
187 19991225010201 22.6 4.8 78.0 1.3 658.4 124.0 11.0 0.0 0.0 0.0
187 19991225010301 23.6 4.7 80.0 1.3 658.4 120.0 13.0 0.0 0.0 0.0
187 19991225010401 23.8 4.6 81.0 1.5 658.4 125.0 13.0 0.0 0.0 0.0
187 19991225010501 23.4 4.6 82.0 1.7 658.4 130.0 15.0 0.0 0.0 0.0
187 19991225010601 23.8 4.6 82.0 1.8 658.3 125.0 15.0 0.0 0.0 0.0
187 19991225010701 23.2 4.7 82.0 2.0 658.4 129.0 13.0 0.0 0.0 0.0
187 19991225010801 22.4 4.6 82.0 1.9 658.4 131.0 14.0 0.0 0.0 0.0
187 19991225010901 21.6 4.6 82.0 1.8 658.4 132.0 14.0 0.0 0.0 0.0
187 19991225011001 23.0 4.5 83.0 1.7 658.4 129.0 14.0 0.0 0.0 0.0
187 19991225011101 22.1 4.5 82.0 1.8 658.4 125.0 14.0 0.0 0.0 0.0
187 19991225011201 23.1 4.6 81.0 1.8 658.4 125.0 12.0 0.0 0.0 0.0
187 19991225011301 22.2 4.7 80.0 1.7 658.4 133.0 14.0 0.0 0.0 0.0
187 19991225011401 21.7 4.6 80.0 1.5 658.4 128.0 13.0 0.0 0.0 0.0
187 19991225011501 22.0 4.5 79.0 1.3 658.4 128.0 13.0 0.0 0.0 0.0
187 19991225011601 22.8 4.5 79.0 1.2 658.4 129.0 13.0 0.0 0.0 0.0
187 19991225011701 21.7 4.4 79.0 1.2 658.4 131.0 13.0 0.0 0.0 0.0
187 19991225011801 21.8 4.3 78.0 0.9 658.4 124.0 13.0 0.0 0.0 0.0
187 19991225011901 22.0 4.3 77.0 0.8 658.4 130.0 13.0 0.0 0.0 0.0
187 19991225012001 23.3 4.3 78.0 0.7 658.4 124.0 13.0 0.0 0.0 0.0
187 19991225012101 23.3 4.3 78.0 0.8 658.4 126.0 12.0 0.0 0.0 0.0
187 19991225012201 22.0 4.2 78.0 0.8 658.4 127.0 13.0 0.0 0.0 0.0
187 19991225012301 22.6 4.2 78.0 0.7 658.4 130.0 13.0 0.0 0.0 0.0
187 19991225012401 22.2 4.2 77.0 0.6 658.4 129.0 12.0 0.0 0.0 0.0
187 19991225012501 21.5 4.2 77.0 0.6 658.4 125.0 12.0 0.0 0.0 0.0
187 19991225012601 22.2 4.2 78.0 0.6 658.4 120.0 13.0 0.0 0.0 0.0
187 19991225012701 23.2 4.2 79.0 0.7 658.3 109.0 14.0 0.0 0.0 0.0
187 19991225012801 23.1 4.4 78.0 0.9 658.3 111.0 13.0 0.0 0.0 0.0
187 19991225012901 22.6 4.5 78.0 0.9 658.3 115.0 11.0 0.0 0.0 0.0
187 19991225013001 22.1 4.4 78.0 0.9 658.4 114.0 11.0 0.0 0.0 0.0
187 19991225013101 21.1 4.4 78.0 0.9 658.4 112.0 11.0 0.0 0.0 0.0
187 19991225013201 21.5 4.3 78.0 0.8 658.4 110.0 10.0 0.0 0.0 0.0
187 19991225013301 20.5 4.2 78.0 0.8 658.4 110.0 10.0 0.0 0.0 0.0
187 19991225013401 20.5 4.1 79.0 0.8 658.4 109.0 11.0 0.0 0.0 0.0
187 19991225013501 20.8 4.2 78.0 0.8 658.4 108.0 11.0 0.0 0.0 0.0
187 19991225013601 21.5 4.2 79.0 0.8 658.4 110.0 11.0 0.0 0.0 0.0
187 19991225013701 21.8 4.2 79.0 0.9 658.4 107.0 12.0 0.0 0.0 0.0
187 19991225013801 22.0 4.3 78.0 0.9 658.4 104.0 11.0 0.0 0.0 0.0
187 19991225013901 22.4 4.4 79.0 0.9 658.4 103.0 13.0 0.0 0.0 0.0
187 19991225014001 23.6 4.4 81.0 1.1 658.4 106.0 15.0 0.0 0.0 0.0
187 19991225014101 23.6 4.5 82.0 1.5 658.4 110.0 16.0 0.0 0.0 0.0
187 19991225014201 22.6 4.6 81.0 1.6 658.4 115.0 15.0 0.0 0.0 0.0
187 19991225014301 23.6 4.6 82.0 1.5 658.4 115.0 17.0 0.0 0.0 0.0
187 19991225014401 24.2 4.7 83.0 1.9 658.4 116.0 16.0 0.0 0.0 0.0
187 19991225014501 23.0 4.7 84.0 2.1 658.4 119.0 16.0 0.0 0.0 0.0
187 19991225014601 22.2 4.7 84.0 2.2 658.4 118.0 15.0 0.0 0.0 0.0
187 19991225014701 22.1 4.7 84.0 2.2 658.4 117.0 15.0 0.0 0.0 0.0
187 19991225014801 22.4 4.7 85.0 2.2 658.4 116.0 16.0 0.0 0.0 0.0
187 19991225014901 22.3 4.7 85.0 2.4 658.4 115.0 16.0 0.0 0.0 0.0
187 19991225015001 22.5 4.8 85.0 2.4 658.4 108.0 16.0 0.0 0.0 0.0
187 19991225015101 21.3 4.8 85.0 2.6 658.4 114.0 15.0 0.0 0.0 0.0
187 19991225015201 21.6 4.7 85.0 2.4 658.4 104.0 17.0 0.0 0.0 0.0
187 19991225015301 22.7 4.8 86.0 2.5 658.4 107.0 16.0 0.0 0.0 0.0
187 19991225015401 23.4 4.9 87.0 2.7 658.4 107.0 15.0 0.0 0.0 0.0
187 19991225015501 21.8 4.9 87.0 3.1 658.4 105.0 15.0 0.0 0.0 0.0
187 19991225015601 22.0 4.9 87.0 3.0 658.4 110.0 14.0 0.0 0.0 0.0
187 19991225015701 19.8 4.9 86.0 3.0 658.4 113.0 13.0 0.0 0.0 0.0
187 19991225015801 19.8 4.9 85.0 2.7 658.5 111.0 13.0 0.0 0.0 0.0
187 19991225015901 19.8 4.9 84.0 2.5 658.5 113.0 12.0 0.0 0.0 0.0
187 19991225020001 19.4 4.9 84.0 2.5 658.5 118.0 14.0 0.0 0.0 0.0
187 19991225020101 21.0 4.8 85.0 2.4 658.5 116.0 16.0 0.0 0.0 0.0
187 19991225020201 21.2 4.9 84.0 2.6 658.5 116.0 14.0 0.0 0.0 0.0
187 19991225020301 19.2 4.9 84.0 2.5 658.5 115.0 16.0 0.0 0.0 0.0
187 19991225020401 20.3 4.8 84.0 2.3 658.5 114.0 18.0 0.0 0.0 0.0
187 19991225020501 19.9 4.8 84.0 2.3 658.5 110.0 17.0 0.0 0.0 0.0
187 19991225020601 22.6 4.9 85.0 2.4 658.5 106.0 17.0 0.0 0.0 0.0
187 19991225020701 21.5 4.9 86.0 2.6 658.5 101.0 16.0 0.0 0.0 0.0
187 19991225020801 20.1 4.9 85.0 2.6 658.5 113.0 14.0 0.0 0.0 0.0
187 19991225020901 18.3 4.8 84.0 2.5 658.5 115.0 13.0 0.0 0.0 0.0
187 19991225021001 18.6 4.6 84.0 2.3 658.5 114.0 15.0 0.0 0.0 0.0
187 19991225021101 19.8 4.6 84.0 2.2 658.5 109.0 15.0 0.0 0.0 0.0
187 19991225021201 19.7 4.6 84.0 2.2 658.5 115.0 18.0 0.0 0.0 0.0
187 19991225021301 21.8 4.6 84.0 2.1 658.5 109.0 18.0 0.0 0.0 0.0
187 19991225021401 20.1 4.6 83.0 2.2 658.5 108.0 16.0 0.0 0.0 0.0
187 19991225021501 20.6 4.6 83.0 2.0 658.5 106.0 16.0 0.0 0.0 0.0
187 19991225021601 21.0 4.6 83.0 2.0 658.5 101.0 16.0 0.0 0.0 0.0
187 19991225021701 21.0 4.6 83.0 2.0 658.6 101.0 15.0 0.0 0.0 0.0
187 19991225021801 20.5 4.5 84.0 2.0 658.6 103.0 15.0 0.0 0.0 0.0
187 19991225021901 20.4 4.5 84.0 2.0 658.6 100.0 15.0 0.0 0.0 0.0
187 19991225022001 19.5 4.4 83.0 1.9 658.6 101.0 15.0 0.0 0.0 0.0
187 19991225022101 18.7 4.3 83.0 1.8 658.6 104.0 14.0 0.0 0.0 0.0
187 19991225022201 18.3 4.2 83.0 1.7 658.6 104.0 15.0 0.0 0.0 0.0
187 19991225022301 19.4 4.2 83.0 1.6 658.6 104.0 16.0 0.0 0.0 0.0
187 19991225022401 18.8 4.2 83.0 1.6 658.6 108.0 16.0 0.0 0.0 0.0
187 19991225022501 19.4 4.1 83.0 1.5 658.6 107.0 16.0 0.0 0.0 0.0
187 19991225022601 19.1 4.0 83.0 1.4 658.6 113.0 17.0 0.0 0.0 0.0
187 19991225022701 20.9 4.1 82.0 1.2 658.6 113.0 17.0 0.0 0.0 0.0
187 19991225022801 21.1 4.1 80.0 1.2 658.7 111.0 17.0 0.0 0.0 0.0
187 19991225022901 21.2 4.1 80.0 1.1 658.7 112.0 16.0 0.0 0.0 0.0
187 19991225023001 21.2 4.0 81.0 1.0 658.7 110.0 17.0 0.0 0.0 0.0
187 19991225023101 21.7 3.9 82.0 1.1 658.7 112.0 16.0 0.0 0.0 0.0
187 19991225023201 21.0 3.9 82.0 1.1 658.7 113.0 15.0 0.0 0.0 0.0
187 19991225023301 20.3 3.8 82.0 1.1 658.7 117.0 15.0 0.0 0.0 0.0
187 19991225023401 19.3 3.7 82.0 1.1 658.7 122.0 16.0 0.0 0.0 0.0
187 19991225023501 20.3 3.7 82.0 0.9 658.7 120.0 16.0 0.0 0.0 0.0
187 19991225023601 20.0 3.6 82.0 0.9 658.7 122.0 16.0 0.0 0.0 0.0
187 19991225023701 19.5 3.6 80.0 0.8 658.7 119.0 18.0 0.0 0.0 0.0
187 19991225023801 22.6 3.7 81.0 0.6 658.7 120.0 18.0 0.0 0.0 0.0
187 19991225023901 23.3 3.7 81.0 0.7 658.7 120.0 19.0 0.0 0.0 0.0
187 19991225024001 22.5 3.7 81.0 0.8 658.7 121.0 17.0 0.0 0.0 0.0
187 19991225024101 21.8 3.7 81.0 0.8 658.7 119.0 18.0 0.0 0.0 0.0
187 19991225024201 22.8 3.7 81.0 0.7 658.7 120.0 17.0 0.0 0.0 0.0
187 19991225024301 23.7 3.7 82.0 0.8 658.7 126.0 16.0 0.0 0.0 0.0
187 19991225024401 21.0 3.6 82.0 1.0 658.7 128.0 16.0 0.0 0.0 0.0
187 19991225024501 19.9 3.5 82.0 0.8 658.7 131.0 17.0 0.0 0.0 0.0
187 19991225024601 21.1 3.4 82.0 0.7 658.7 131.0 18.0 0.0 0.0 0.0
187 19991225024701 21.3 3.5 82.0 0.7 658.7 131.0 16.0 0.0 0.0 0.0
187 19991225024801 20.7 3.6 80.0 0.6 658.7 131.0 16.0 0.0 0.0 0.0
187 19991225024901 19.3 3.7 77.0 0.3 658.7 131.0 16.0 0.0 0.0 0.0
187 19991225025001 19.8 3.8 74.0 -0.0 658.7 132.0 16.0 0.0 0.0 0.0
187 19991225025101 22.6 4.0 72.0 -0.3 658.7 130.0 14.0 0.0 0.0 0.0
187 19991225025201 21.7 4.1 71.0 -0.6 658.8 127.0 14.0 0.0 0.0 0.0
187 19991225025301 23.1 4.2 70.0 -0.7 658.8 130.0 15.0 0.0 0.0 0.0
187 19991225025401 22.1 4.2 68.0 -0.9 658.8 127.0 15.0 0.0 0.0 0.0
187 19991225025501 23.2 4.2 67.0 -1.2 658.8 128.0 13.0 0.0 0.0 0.0
187 19991225025601 23.5 4.3 67.0 -1.2 658.8 126.0 14.0 0.0 0.0 0.0
187 19991225025701 23.6 4.2 67.0 -1.4 658.8 125.0 13.0 0.0 0.0 0.0
187 19991225025801 23.1 4.1 66.0 -1.4 658.8 128.0 13.0 0.0 0.0 0.0
187 19991225025901 22.7 4.1 65.0 -1.6 658.8 126.0 15.0 0.0 0.0 0.0
187 19991225030001 23.2 4.1 65.0 -1.8 658.8 125.0 13.0 0.0 0.0 0.0
187 19991225030101 22.8 4.1 64.0 -1.9 658.8 121.0 14.0 0.0 0.0 0.0
187 19991225030201 23.8 4.2 64.0 -2.0 658.8 121.0 14.0 0.0 0.0 0.0
187 19991225030301 23.6 4.2 64.0 -2.0 658.8 122.0 14.0 0.0 0.0 0.0
187 19991225030401 23.5 4.1 64.0 -2.0 658.8 120.0 15.0 0.0 0.0 0.0
187 19991225030501 23.1 4.0 64.0 -2.1 658.8 122.0 14.0 0.0 0.0 0.0
187 19991225030601 22.5 4.0 64.0 -2.1 658.8 122.0 14.0 0.0 0.0 0.0
187 19991225030701 23.6 4.0 63.0 -2.2 658.8 119.0 14.0 0.0 0.0 0.0
187 19991225030801 23.9 4.0 63.0 -2.2 658.8 119.0 14.0 0.0 0.0 0.0
187 19991225030901 23.8 4.0 63.0 -2.3 658.8 118.0 15.0 0.0 0.0 0.0
187 19991225031001 23.4 4.0 63.0 -2.4 658.8 119.0 15.0 0.0 0.0 0.0
187 19991225031101 23.8 3.9 63.0 -2.6 658.8 116.0 16.0 0.0 0.0 0.0
187 19991225031201 24.2 4.0 61.0 -2.6 658.8 116.0 14.0 0.0 0.0 0.0
187 19991225031301 25.2 4.1 61.0 -2.8 658.8 117.0 15.0 0.0 0.1 0.0
187 19991225031401 24.3 4.1 62.0 -2.6 658.8 117.0 15.0 0.0 0.4 -0.2
187 19991225031501 24.4 4.0 62.0 -2.5 658.8 117.0 16.0 0.1 0.6 -0.4
187 19991225031601 25.8 4.0 62.0 -2.6 658.8 118.0 15.0 0.6 1.4 -0.8
187 19991225031701 24.0 4.0 62.0 -2.6 658.8 117.0 14.0 1.5 2.3 -0.8
187 19991225031801 23.7 4.0 62.0 -2.6 658.8 118.0 14.0 2.5 3.2 -0.8
187 19991225031901 23.3 3.9 63.0 -2.6 658.9 119.0 14.0 2.7 3.1 -0.6
187 19991225032001 24.8 3.8 63.0 -2.6 658.9 115.0 14.0 2.4 2.8 0.2
187 19991225032101 24.5 3.9 64.0 -2.5 658.9 117.0 14.0 1.7 2.7 -1.0
187 19991225032201 21.8 3.8 62.0 -2.5 658.9 114.0 14.0 1.0 2.0 -1.0
187 19991225032301 23.2 4.0 60.0 -2.9 658.9 112.0 13.0 1.0 1.8 -0.8
187 19991225032401 25.0 4.0 61.0 -2.9 658.9 115.0 13.0 1.8 2.6 -0.8
187 19991225032501 23.3 3.9 61.0 -2.9 658.9 117.0 15.0 2.2 3.0 -0.6
187 19991225032601 24.4 3.9 60.0 -3.0 658.9 119.0 15.0 2.6 3.3 -0.8
187 19991225032701 25.0 3.9 58.0 -3.2 658.9 113.0 15.0 2.3 3.0 -0.6
187 19991225032801 24.0 4.1 57.0 -3.5 658.9 117.0 15.0 3.0 3.7 -0.8
187 19991225032901 26.5 4.3 56.0 -3.6 658.9 117.0 15.0 4.8 5.4 -0.8
187 19991225033001 28.0 4.4 56.0 -3.5 658.9 118.0 15.0 6.0 6.4 -0.4
187 19991225033101 26.4 4.3 57.0 -3.6 658.9 120.0 15.0 7.4 7.5 -0.2
187 19991225033201 26.7 4.1 58.0 -3.6 658.9 121.0 16.0 9.4 9.0 0.2
187 19991225033301 26.2 4.1 57.0 -3.6 658.9 120.0 15.0 11.0 10.6 0.6
187 19991225033401 20.2 4.1 52.0 -3.9 658.9 115.0 16.0 12.6 11.7 0.6
187 19991225033501 31.8 4.3 51.0 -4.9 658.9 114.0 16.0 14.2 13.4 1.0
187 19991225033601 23.2 4.5 48.0 -5.2 658.9 114.0 16.0 16.7 15.5 1.0
187 19991225033701 28.8 4.7 46.0 -5.8 658.9 110.0 17.0 19.5 17.7 1.9
187 19991225033801 29.3 4.8 46.0 -6.1 658.9 114.0 16.0 21.9 20.2 1.4
187 19991225033901 27.1 4.8 45.0 -5.8 658.9 108.0 16.0 24.8 22.8 2.2
187 19991225034001 29.3 4.7 42.0 -6.4 658.9 110.0 16.0 26.6 24.1 2.2
187 19991225034101 30.2 4.7 43.0 -7.0 658.9 116.0 16.0 28.7 25.7 3.0
187 19991225034201 27.4 4.8 41.0 -6.6 658.9 111.0 17.0 31.4 28.3 3.0
187 19991225034301 31.3 4.9 40.0 -7.4 658.9 114.0 16.0 33.8 30.1 3.4
187 19991225034401 30.5 5.0 40.0 -7.5 659.0 115.0 16.0 36.6 32.6 3.8
187 19991225034501 33.5 5.0 41.0 -7.5 659.0 111.0 15.0 39.6 35.1 4.4
187 19991225034601 32.7 4.8 42.0 -7.0 659.0 103.0 14.0 42.1 37.0 5.0
187 19991225034701 32.3 4.6 42.0 -7.0 659.0 107.0 14.0 45.4 39.6 5.8
187 19991225034801 27.9 4.6 41.0 -7.1 659.0 108.0 15.0 47.7 41.5 6.0
187 19991225034901 31.5 4.6 41.0 -7.7 659.0 109.0 15.0 49.9 43.3 6.0
187 19991225035001 33.2 4.6 42.0 -7.6 659.1 109.0 14.0 53.1 45.6 7.4
187 19991225035101 32.7 4.5 43.0 -7.0 659.1 110.0 15.0 56.3 47.8 8.6
187 19991225035201 27.4 4.5 40.0 -6.9 659.1 109.0 16.0 59.3 49.5 9.4
187 19991225035301 27.7 4.7 37.0 -8.0 659.1 104.0 16.0 63.8 52.4 11.0
187 19991225035401 32.7 4.8 39.0 -8.4 659.1 108.0 15.0 70.3 55.5 13.8
187 19991225035501 28.5 4.8 38.0 -8.2 659.1 109.0 16.0 80.5 57.9 20.8
187 19991225035601 30.3 4.9 37.0 -8.6 659.1 107.0 15.0 91.4 60.0 30.2
187 19991225035701 32.8 4.8 37.0 -8.5 659.1 107.0 15.0 101.4 62.2 38.0
187 19991225035801 29.2 4.8 37.0 -8.5 659.1 105.0 16.0 109.1 63.9 44.8
187 19991225035901 31.0 4.9 36.0 -9.0 659.1 108.0 16.0 111.4 65.3 45.8
187 19991225040001 32.6 4.9 36.0 -9.0 659.1 109.0 16.0 117.0 67.7 48.6
187 19991225040101 31.3 4.9 35.0 -9.0 659.1 107.0 16.0 121.0 69.5 51.5
187 19991225040201 34.0 5.0 36.0 -8.9 659.1 108.0 15.0 122.6 70.8 51.9
187 19991225040301 32.1 4.9 36.0 -8.8 659.1 110.0 15.0 124.9 71.7 52.7
187 19991225040401 27.8 5.0 34.0 -8.9 659.1 107.0 16.0 128.6 72.9 55.7
187 19991225040501 33.6 5.1 34.0 -9.7 659.1 108.0 15.0 125.5 73.7 52.9
187 19991225040601 29.7 5.2 33.0 -9.3 659.1 111.0 15.0 124.1 75.7 48.4
187 19991225040701 30.7 5.3 31.0 -10.1 659.1 107.0 17.0 128.4 77.8 49.9
187 19991225040801 36.5 5.4 32.0 -10.2 659.1 106.0 16.0 134.8 79.1 55.1
187 19991225040901 29.3 5.5 31.0 -9.9 659.1 104.0 16.0 137.1 80.9 56.1
187 19991225041001 36.5 5.5 32.0 -10.3 659.2 104.0 14.0 145.9 83.1 61.7
187 19991225041101 32.0 5.4 32.0 -9.7 659.2 105.0 15.0 153.3 84.7 67.7
187 19991225041201 29.8 5.5 30.0 -9.7 659.2 103.0 16.0 160.8 85.9 74.5
187 19991225041301 29.4 5.6 29.0 -10.3 659.2 107.0 16.0 162.4 87.5 74.7
187 19991225041401 37.2 5.6 30.0 -11.2 659.2 105.0 15.0 162.5 88.7 74.5
187 19991225041501 32.3 5.6 30.0 -10.5 659.2 109.0 14.0 165.2 89.9 73.7
187 19991225041601 31.7 5.6 29.0 -10.8 659.2 104.0 15.0 166.4 90.8 76.9
187 19991225041701 21.7 5.6 25.0 -10.8 659.2 106.0 15.0 163.9 91.5 72.3
187 19991225041801 34.8 5.7 25.0 -12.9 659.2 104.0 15.0 171.7 93.1 76.9
187 19991225041901 28.8 5.8 23.0 -13.2 659.2 102.0 15.0 179.5 94.6 85.1
187 19991225042001 32.6 5.9 23.0 -13.8 659.2 102.0 16.0 182.8 95.5 85.7
187 19991225042101 34.7 5.9 22.0 -13.5 659.2 101.0 16.0 191.8 96.4 94.7
187 19991225042201 33.3 6.0 23.0 -14.5 659.2 101.0 15.0 198.3 98.4 99.3
187 19991225042301 30.5 6.1 20.0 -13.5 659.2 99.0 16.0 196.9 99.5 98.9
187 19991225042401 37.2 6.2 22.0 -14.9 659.2 99.0 16.0 187.6 99.7 88.9
187 19991225042501 33.6 6.2 21.0 -14.3 659.2 96.0 16.0 183.7 100.2 83.5
187 19991225042601 37.6 6.2 22.0 -14.2 659.2 96.0 16.0 183.3 101.0 83.3
187 19991225042701 40.7 6.2 23.0 -14.3 659.3 101.0 17.0 174.4 101.4 73.9
187 19991225042801 38.0 6.3 23.0 -13.0 659.2 98.0 16.0 181.6 101.8 77.5
187 19991225042901 35.3 6.3 24.0 -13.3 659.3 99.0 15.0 193.9 103.4 89.5
187 19991225043001 37.2 6.3 25.0 -12.9 659.3 97.0 16.0 194.7 104.3 90.9
187 19991225043101 39.2 6.3 25.0 -12.4 659.3 95.0 17.0 197.5 104.8 91.1
187 19991225043201 34.8 6.3 25.0 -12.7 659.3 96.0 16.0 213.0 106.5 104.5
187 19991225043301 37.2 6.3 25.0 -12.3 659.3 96.0 17.0 220.0 107.5 112.7
187 19991225043401 35.7 6.3 26.0 -12.0 659.3 98.0 15.0 217.0 108.0 109.3
187 19991225043501 37.2 6.3 26.0 -12.1 659.3 97.0 17.0 218.0 108.3 109.3
187 19991225043601 36.9 6.4 27.0 -12.0 659.3 99.0 15.0 224.2 109.1 113.5
187 19991225043701 34.2 6.4 26.0 -11.0 659.3 98.0 18.0 233.9 109.9 122.3
187 19991225043801 33.9 6.5 25.0 -11.8 659.3 97.0 18.0 239.5 110.4 128.5
187 19991225043901 33.9 6.6 24.0 -11.8 659.3 99.0 17.0 250.6 110.8 137.9
187 19991225044001 32.5 6.6 24.0 -12.7 659.3 100.0 18.0 252.7 111.6 141.1
187 19991225044101 38.2 6.6 25.0 -12.1 659.3 98.0 17.0 256.9 112.2 142.5
187 19991225044201 36.0 6.6 25.0 -11.8 659.3 100.0 18.0 271.9 112.3 158.4
187 19991225044301 41.6 6.7 26.0 -11.8 659.3 97.0 18.0 268.5 113.3 156.6
187 19991225044401 37.5 6.7 27.0 -11.0 659.3 97.0 21.0 270.2 114.0 154.8
187 19991225044501 37.6 6.8 28.0 -11.0 659.3 98.0 17.0 280.9 114.9 165.2
187 19991225044601 40.1 6.8 29.0 -10.2 659.3 95.0 17.0 279.5 115.3 164.4
187 19991225044701 35.8 6.9 29.0 -9.7 659.3 95.0 20.0 279.7 115.5 163.0
187 19991225044801 36.4 6.9 29.0 -9.8 659.3 97.0 19.0 288.3 116.3 170.8
187 19991225044901 35.7 7.0 29.0 -9.9 659.3 95.0 18.0 296.0 116.3 178.4
187 19991225045001 33.6 7.0 29.0 -9.4 659.3 97.0 18.0 301.2 116.9 184.4
187 19991225045101 36.0 7.0 29.0 -9.6 659.3 96.0 17.0 305.2 117.5 186.0
187 19991225045201 32.4 7.1 28.0 -9.9 659.3 97.0 19.0 316.9 118.1 197.0
187 19991225045301 37.8 7.1 28.0 -10.1 659.4 97.0 19.0 325.5 118.8 205.4
187 19991225045401 35.1 7.2 28.0 -9.7 659.4 96.0 19.0 340.9 119.2 219.6
187 19991225045501 35.0 7.2 28.0 -10.1 659.4 97.0 18.0 352.3 119.3 231.0
187 19991225045601 33.3 7.2 27.0 -10.0 659.4 92.0 20.0 358.0 119.3 239.0
187 19991225045701 40.2 7.3 28.0 -10.3 659.4 95.0 17.0 362.0 120.0 239.4
187 19991225045801 35.3 7.3 28.0 -9.9 659.4 93.0 19.0 371.2 121.0 250.7
187 19991225045901 34.2 7.3 28.0 -10.2 659.4 88.0 19.0 378.6 121.7 254.3
187 19991225050001 36.8 7.4 27.0 -10.2 659.4 88.0 17.0 385.7 122.0 263.7
187 19991225050101 35.7 7.4 28.0 -10.1 659.4 91.0 18.0 386.5 121.3 264.3
187 19991225050201 37.1 7.4 28.0 -10.0 659.4 90.0 18.0 394.4 121.3 271.3
187 19991225050301 38.4 7.5 28.0 -9.9 659.4 86.0 16.0 402.5 121.3 280.7
187 19991225050401 36.5 7.5 28.0 -9.9 659.5 83.0 17.0 405.2 121.0 283.9
187 19991225050501 34.6 7.5 27.0 -9.8 659.5 88.0 18.0 413.4 120.6 290.1
187 19991225050601 37.4 7.5 27.0 -10.3 659.5 90.0 16.0 426.1 120.7 303.9
187 19991225050701 34.7 7.6 28.0 -10.0 659.5 87.0 14.0 425.6 120.7 305.7
187 19991225050801 39.5 7.6 29.0 -9.7 659.5 88.0 13.0 423.4 119.7 303.5
187 19991225050901 33.2 7.7 27.0 -9.0 659.5 92.0 16.0 431.7 118.9 310.1
187 19991225051001 30.7 7.7 25.0 -10.2 659.5 90.0 18.0 443.1 118.7 323.9
187 19991225051101 37.2 7.7 26.0 -11.0 659.5 85.0 16.0 450.1 118.3 329.7
187 19991225051201 33.0 7.7 25.0 -10.3 659.5 88.0 19.0 449.2 117.8 333.5
187 19991225051301 33.3 7.7 25.0 -11.2 659.5 91.0 18.0 442.8 116.9 325.1
187 19991225051401 34.2 7.7 24.0 -11.0 659.5 81.0 16.0 446.7 116.2 330.3
187 19991225051501 35.8 7.7 25.0 -11.7 659.6 87.0 18.0 463.1 115.6 344.0
187 19991225051601 38.9 7.7 24.0 -11.5 659.6 84.0 18.0 464.0 113.9 350.2
187 19991225051701 34.2 7.7 24.0 -11.3 659.6 94.0 17.0 465.2 112.8 351.6
187 19991225051801 30.0 7.7 22.0 -12.0 659.6 92.0 18.0 467.5 111.8 356.2
187 19991225051901 36.4 7.7 22.0 -12.9 659.6 83.0 16.0 463.8 110.6 352.8
187 19991225052001 36.0 7.8 24.0 -12.0 659.6 86.0 16.0 470.7 110.2 357.8
187 19991225052101 40.5 7.8 24.0 -11.5 659.7 78.0 16.0 489.5 110.1 375.8
187 19991225052201 34.4 7.8 23.0 -11.9 659.7 79.0 18.0 503.4 109.6 392.0
187 19991225052301 37.4 7.8 23.0 -12.1 659.7 91.0 14.0 511.9 108.8 401.2
187 19991225052401 30.8 7.9 21.0 -11.8 659.7 86.0 15.0 518.7 107.6 410.2
187 19991225052501 36.7 7.9 21.0 -13.4 659.7 91.0 17.0 526.1 105.8 418.8
187 19991225052601 33.1 7.9 20.0 -13.4 659.7 89.0 18.0 533.4 105.4 425.8
187 19991225052701 39.0 7.9 22.0 -13.8 659.7 83.0 16.0 546.8 105.4 438.6
187 19991225052801 40.1 8.0 23.0 -12.5 659.7 88.0 15.0 559.7 104.0 453.9
187 19991225052901 35.6 8.1 23.0 -11.8 659.7 87.0 13.0 565.2 102.8 461.9
187 19991225053001 39.3 8.2 24.0 -11.2 659.8 73.0 15.0 569.4 102.4 466.1
187 19991225053101 32.6 8.2 23.0 -11.7 659.8 78.0 15.0 574.2 101.6 471.3
187 19991225053201 38.0 8.3 22.0 -12.1 659.8 83.0 13.0 585.5 100.6 482.7
187 19991225053301 27.1 8.3 22.0 -12.6 659.8 82.0 13.0 594.9 99.8 493.9
187 19991225053401 38.9 8.4 21.0 -11.5 659.8 80.0 14.0 604.3 99.3 503.1
187 19991225053501 31.1 8.4 21.0 -12.4 659.8 78.0 17.0 608.4 98.8 508.9
187 19991225053601 36.6 8.3 22.0 -13.1 659.8 82.0 15.0 616.2 98.1 516.3
187 19991225053701 40.8 8.4 24.0 -11.5 659.9 82.0 13.0 621.4 97.4 523.5
187 19991225053801 32.1 8.4 22.0 -11.0 659.9 93.0 15.0 622.1 96.8 525.5
187 19991225053901 27.8 8.5 20.0 -12.3 659.9 93.0 15.0 624.7 96.5 526.9
187 19991225054001 33.1 8.4 21.0 -13.6 659.9 89.0 15.0 634.0 96.4 535.9
187 19991225054101 48.7 8.5 24.0 -12.7 659.9 73.0 13.0 642.8 95.3 545.6
187 19991225054201 35.4 8.5 24.0 -10.7 659.9 73.0 13.0 652.1 95.0 556.8
187 19991225054301 33.2 8.4 22.0 -11.1 659.9 85.0 16.0 655.4 95.2 559.6
187 19991225054401 36.2 8.4 22.0 -13.4 659.9 78.0 16.0 663.2 94.4 566.4
187 19991225054501 32.7 8.3 23.0 -11.9 659.9 85.0 14.0 673.8 94.0 578.6
187 19991225054601 36.1 8.4 23.0 -11.6 659.9 88.0 15.0 677.6 93.9 583.0
187 19991225054701 36.0 8.5 23.0 -11.2 660.0 76.0 14.0 682.2 93.2 587.8
187 19991225054801 37.2 8.6 24.0 -11.1 660.0 75.0 14.0 682.7 92.6 590.2
187 19991225054901 35.9 8.6 24.0 -11.0 660.0 69.0 15.0 684.6 92.0 592.2
187 19991225055001 34.0 8.5 22.0 -11.1 660.0 62.0 14.0 682.9 92.1 591.6
187 19991225055101 39.9 8.5 25.0 -11.7 660.0 80.0 15.0 686.8 92.2 593.4
187 19991225055201 36.4 8.6 25.0 -10.3 660.1 78.0 12.0 692.1 91.6 599.6
187 19991225055301 36.0 8.7 25.0 -9.8 660.1 87.0 12.0 697.2 91.1 605.2
187 19991225055401 29.7 8.8 24.0 -10.3 660.1 97.0 11.0 702.5 90.2 611.2
187 19991225055501 37.2 8.8 25.0 -11.1 660.1 81.0 10.0 709.3 90.0 617.2
187 19991225055601 40.7 8.9 25.0 -9.7 660.1 77.0 12.0 718.0 89.9 627.2
187 19991225055701 34.9 8.9 26.0 -9.9 660.1 90.0 11.0 723.2 89.4 633.2
187 19991225055801 26.7 8.9 24.0 -9.7 660.1 100.0 11.0 725.0 88.9 635.0
187 19991225055901 38.8 9.1 26.0 -10.9 660.1 94.0 9.0 733.7 88.4 643.5
187 19991225060001 40.8 9.4 26.0 -9.0 660.1 66.0 10.0 742.4 87.8 653.1
187 19991225060101 36.0 9.3 27.0 -9.1 660.1 87.0 12.0 749.8 87.0 661.7
187 19991225060201 34.9 9.2 25.0 -9.1 660.1 75.0 10.0 756.4 86.7 668.5
187 19991225060301 37.4 9.1 27.0 -9.4 660.1 76.0 10.0 762.2 86.6 675.5
187 19991225060401 36.3 9.1 27.0 -9.3 660.1 82.0 12.0 765.1 86.9 677.3
187 19991225060501 33.0 9.2 26.0 -8.6 660.1 97.0 11.0 772.2 85.6 685.5
187 19991225060601 28.6 9.3 23.0 -10.0 660.1 96.0 9.0 777.6 86.3 690.5
187 19991225060701 32.8 9.3 23.0 -10.7 660.1 91.0 11.0 782.1 85.7 694.7
187 19991225060801 39.0 9.3 26.0 -10.7 660.1 88.0 11.0 789.7 86.2 702.9
187 19991225060901 25.1 9.4 22.0 -9.8 660.2 98.0 12.0 793.4 85.8 707.1
187 19991225061001 43.2 9.3 25.0 -11.1 660.2 84.0 14.0 792.9 86.0 707.5
187 19991225061101 29.3 9.1 23.0 -10.3 660.2 95.0 15.0 797.4 86.6 709.5
187 19991225061201 37.4 8.9 25.0 -10.4 660.2 94.0 13.0 804.4 86.9 716.7
187 19991225061301 37.8 8.9 26.0 -9.8 660.2 93.0 12.0 807.3 86.8 720.1
187 19991225061401 30.8 9.0 24.0 -9.3 660.2 92.0 14.0 812.6 86.5 725.7
187 19991225061501 35.4 8.9 24.0 -10.6 660.2 95.0 12.0 803.6 86.8 719.1
187 19991225061601 41.4 9.0 26.0 -10.5 660.2 98.0 11.0 810.0 87.2 720.9
187 19991225061701 36.4 9.3 26.0 -9.4 660.2 97.0 10.0 811.6 87.5 725.1
187 19991225061801 33.1 9.3 26.0 -9.0 660.2 98.0 13.0 810.2 86.6 722.7
187 19991225061901 42.3 9.3 26.0 -8.9 660.3 76.0 14.0 815.4 86.2 728.7
187 19991225062001 35.0 9.0 26.0 -9.3 660.3 79.0 9.0 817.4 86.5 731.7
187 19991225062101 33.0 8.9 26.0 -9.8 660.3 95.0 10.0 820.8 86.1 733.4
187 19991225062201 44.3 9.1 27.0 -9.2 660.3 90.0 9.0 825.1 86.5 738.4
187 19991225062301 35.0 9.3 27.0 -8.8 660.3 83.0 12.0 834.4 86.7 746.2
187 19991225062401 34.1 9.4 26.0 -8.6 660.3 92.0 15.0 842.5 86.4 753.0
187 19991225062501 35.2 9.3 26.0 -8.8 660.3 86.0 14.0 861.0 86.5 772.6
187 19991225062601 32.2 9.2 25.0 -9.2 660.3 91.0 14.0 870.0 86.0 783.2
187 19991225062701 35.3 9.1 25.0 -10.0 660.3 101.0 11.0 873.2 86.7 786.8
187 19991225062801 43.1 9.2 28.0 -9.5 660.3 83.0 8.0 878.2 87.8 791.4
187 19991225062901 37.8 9.5 29.0 -8.6 660.3 73.0 7.0 870.3 87.0 780.2
187 19991225063001 42.9 9.8 30.0 -7.6 660.3 77.0 12.0 879.0 87.6 792.4
187 19991225063101 24.0 9.8 26.0 -7.1 660.3 74.0 12.0 885.8 86.6 797.0
187 19991225063201 42.7 9.7 28.0 -8.7 660.3 76.0 17.0 898.5 87.3 810.4
187 19991225063301 26.5 9.5 25.0 -8.3 660.3 91.0 17.0 906.1 89.2 815.0
187 19991225063401 35.0 9.3 26.0 -9.8 660.3 74.0 15.0 913.5 89.2 824.0
187 19991225063501 36.2 9.3 26.0 -9.1 660.3 85.0 12.0 919.0 89.6 828.2
187 19991225063601 37.6 9.4 28.0 -9.0 660.3 75.0 12.0 922.8 90.0 833.3
187 19991225063701 37.2 9.6 28.0 -7.8 660.4 77.0 14.0 919.0 90.7 828.6
187 19991225063801 37.8 9.6 28.0 -8.7 660.3 79.0 15.0 920.7 90.6 831.9
187 19991225063901 33.2 9.5 26.0 -7.8 660.4 75.0 17.0 882.2 90.2 800.4
187 19991225064001 33.9 9.4 25.0 -8.8 660.4 75.0 15.0 872.2 90.4 777.4
187 19991225064101 33.7 9.4 26.0 -9.5 660.4 102.0 15.0 901.7 90.8 810.2
187 19991225064201 29.8 9.4 25.0 -9.5 660.4 97.0 16.0 900.5 89.0 809.6
187 19991225064301 35.5 9.2 25.0 -9.4 660.4 101.0 14.0 911.5 89.6 818.4
187 19991225064401 38.4 9.3 26.0 -9.3 660.4 96.0 16.0 924.8 88.2 834.3
187 19991225064501 35.2 9.4 26.0 -9.2 660.4 96.0 12.0 939.4 88.8 848.7
187 19991225064601 35.9 9.6 25.0 -8.7 660.4 92.0 11.0 943.7 87.6 855.1
187 19991225064701 40.6 9.7 28.0 -10.0 660.4 94.0 11.0 951.4 86.3 863.7
187 19991225064801 48.6 10.0 32.0 -7.6 660.4 68.0 12.0 955.6 85.9 868.9
187 19991225064901 30.8 10.0 29.0 -6.1 660.4 82.0 15.0 961.0 85.1 874.7
187 19991225065001 33.0 9.8 28.0 -7.5 660.4 87.0 15.0 965.8 84.2 881.7
187 19991225065101 30.0 9.6 28.0 -8.4 660.4 97.0 13.0 970.2 84.5 885.1
187 19991225065201 38.2 9.5 29.0 -8.8 660.4 98.0 14.0 972.7 84.8 887.9
187 19991225065301 35.8 9.6 30.0 -7.1 660.4 98.0 17.0 974.2 84.1 889.3
187 19991225065401 28.8 9.4 29.0 -7.2 660.4 95.0 18.0 975.3 82.4 892.5
187 19991225065501 40.0 9.3 32.0 -7.6 660.3 102.0 17.0 980.2 84.2 895.3
187 19991225065601 36.5 9.6 32.0 -6.6 660.3 85.0 15.0 983.9 84.6 899.7
187 19991225065701 30.7 9.7 31.0 -6.2 660.4 85.0 11.0 985.8 84.6 900.3
187 19991225065801 31.5 9.8 30.0 -6.1 660.4 87.0 15.0 988.1 84.0 903.1
187 19991225065901 25.1 9.6 28.0 -7.5 660.4 86.0 14.0 989.2 84.3 905.7
187 19991225070001 41.2 9.5 31.0 -7.7 660.4 88.0 9.0 988.0 84.5 904.1
187 19991225070101 44.1 9.9 33.0 -6.3 660.4 63.0 10.0 991.2 84.3 906.1
187 19991225070201 41.8 10.1 31.0 -5.9 660.4 86.0 15.0 1003.4 85.3 916.5
187 19991225070301 28.9 9.8 31.0 -6.4 660.4 92.0 14.0 1012.8 85.2 926.3
187 19991225070401 30.2 9.7 32.0 -6.5 660.4 101.0 15.0 1018.7 85.7 932.8
187 19991225070501 29.7 9.7 31.0 -6.6 660.4 92.0 14.0 1024.4 86.3 937.2
187 19991225070601 36.1 9.6 32.0 -6.3 660.4 88.0 16.0 1030.0 86.5 943.0
187 19991225070701 30.6 9.5 32.0 -6.0 660.4 87.0 14.0 1031.0 86.4 944.8
187 19991225070801 31.2 9.7 32.0 -6.0 660.5 79.0 12.0 1030.3 87.0 943.2
187 19991225070901 38.8 10.0 34.0 -5.9 660.5 84.0 13.0 1033.5 87.6 946.2
187 19991225071001 30.9 10.0 34.0 -5.2 660.5 84.0 16.0 1026.5 87.4 939.6
187 19991225071101 30.8 9.8 34.0 -5.3 660.5 73.0 14.0 1033.5 86.4 946.4
187 19991225071201 32.6 9.7 35.0 -5.0 660.5 66.0 13.0 1037.7 86.6 950.0
187 19991225071301 32.1 9.7 34.0 -5.1 660.5 73.0 13.0 1041.7 87.2 954.2
187 19991225071401 28.7 9.5 34.0 -5.7 660.5 74.0 8.0 1045.0 87.7 957.6
187 19991225071501 33.2 9.7 36.0 -5.7 660.4 74.0 11.0 1048.5 89.0 958.6
187 19991225071601 30.7 9.9 35.0 -4.5 660.4 80.0 15.0 1051.5 87.8 962.2
187 19991225071701 32.8 10.0 36.0 -4.6 660.4 65.0 14.0 1060.0 88.1 970.2
187 19991225071801 28.1 10.0 35.0 -4.5 660.5 72.0 14.0 1067.7 88.2 978.4
187 19991225071901 29.1 9.8 35.0 -4.8 660.4 74.0 14.0 1072.3 88.1 983.0
187 19991225072001 27.1 9.8 34.0 -4.8 660.4 83.0 14.0 1081.7 92.0 989.0
187 19991225072101 32.7 9.9 51.0 -5.1 660.4 60.0 11.0 1087.2 95.9 991.2
187 19991225072201 49.3 9.8 69.0 1.0 660.5 20.0 9.0 1116.4 121.3 994.0
187 19991225072301 41.0 9.4 72.0 4.1 660.5 25.0 7.0 1126.0 126.7 998.8
187 19991225072401 33.1 9.4 56.0 5.2 660.5 74.0 7.0 1105.0 100.6 1003.8
187 19991225072501 27.7 9.6 73.0 0.8 660.4 25.0 4.0 1104.4 96.4 1007.8
187 19991225072601 37.4 9.4 69.0 4.9 660.4 312.0 2.0 1121.0 110.5 1010.8
187 19991225072701 19.6 9.3 76.0 4.7 660.4 342.0 9.0 1098.3 381.7 731.7
187 19991225072801 18.9 8.6 79.0 5.3 660.5 16.0 5.0 1057.5 394.7 542.0
187 19991225072901 18.8 8.1 76.0 5.2 660.5 63.0 9.0 1120.7 110.1 999.8
187 19991225073001 15.9 8.2 61.0 4.6 660.5 79.0 7.0 1117.5 99.4 1018.2
187 19991225073101 26.0 8.6 63.0 0.6 660.4 25.0 6.0 1122.5 98.8 1022.8
187 19991225073201 18.7 8.8 74.0 1.5 660.4 349.0 7.0 1127.2 109.6 1020.4
187 19991225073301 23.6 8.4 79.0 4.4 660.5 339.0 6.0 1167.5 220.1 982.6
187 19991225073401 24.4 8.2 82.0 5.1 660.5 353.0 5.0 1177.0 184.3 990.0
187 19991225073501 22.3 8.2 81.0 5.4 660.5 341.0 7.0 1201.9 226.8 1002.2
187 19991225073601 22.6 8.0 80.0 5.1 660.4 353.0 10.0 1148.3 328.0 763.2
187 19991225073701 20.0 7.6 77.0 4.8 660.5 21.0 6.0 1057.9 204.1 932.6
187 19991225073801 19.6 7.4 81.0 3.5 660.5 32.0 6.0 1057.5 245.9 645.1
187 19991225073901 20.4 7.3 81.0 4.3 660.5 5.0 5.0 1157.9 138.9 1020.2
187 19991225074001 19.9 7.3 84.0 4.4 660.5 41.0 5.0 1164.3 143.3 1020.6
187 19991225074101 22.4 7.2 87.0 4.7 660.5 344.0 8.0 1217.2 242.3 1020.8
187 19991225074201 20.6 7.4 88.0 5.3 660.5 356.0 7.0 1186.7 231.0 878.9
187 19991225074301 21.1 7.8 86.0 5.6 660.5 347.0 6.0 1151.8 115.0 1035.9
187 19991225074401 21.9 8.1 83.0 5.6 660.4 344.0 5.0 1169.1 131.9 1041.5
187 19991225074501 20.8 8.2 83.0 5.4 660.5 352.0 6.0 1235.1 315.1 1003.4
187 19991225074601 22.1 8.2 83.0 5.5 660.5 340.0 5.0 1108.5 256.8 817.6
187 19991225074701 20.6 8.1 81.0 5.3 660.5 341.0 5.0 1166.8 147.0 1002.4
187 19991225074801 21.9 8.1 82.0 5.2 660.5 336.0 4.0 1168.2 104.3 1063.5
187 19991225074901 21.3 8.1 80.0 5.0 660.5 322.0 4.0 1171.3 102.2 1068.5
187 19991225075001 19.9 8.1 70.0 4.9 660.5 38.0 9.0 1174.1 102.3 1071.1
187 19991225075101 10.0 8.5 61.0 1.7 660.5 44.0 7.0 1181.3 103.0 1076.7
187 19991225075201 15.8 9.1 62.0 1.5 660.5 48.0 7.0 1193.4 106.5 1086.3
187 19991225075301 24.4 9.4 67.0 3.3 660.5 11.0 6.0 1200.0 112.1 1087.9
187 19991225075401 25.0 9.5 75.0 3.6 660.5 4.0 8.0 1206.1 112.7 1091.9
187 19991225075501 25.4 9.3 71.0 5.3 660.5 347.0 4.0 1210.8 113.8 1096.5
187 19991225075601 23.8 9.3 77.0 3.5 660.5 342.0 6.0 1205.6 165.2 1090.1
187 19991225075701 24.5 9.1 79.0 5.9 660.5 308.0 7.0 1246.9 329.9 988.4
187 19991225075801 19.4 8.5 81.0 5.6 660.4 296.0 7.0 1100.2 426.8 628.2
187 19991225075901 17.7 7.9 82.0 5.2 660.4 290.0 4.0 1195.8 183.0 970.4
187 19991225080001 23.1 7.8 86.0 5.1 660.4 331.0 4.0 1237.7 162.6 1071.9
187 19991225080101 20.1 8.0 84.0 5.7 660.5 0.0 2.0 1312.5 227.5 1088.7
187 19991225080201 21.2 8.3 86.0 5.5 660.5 323.0 7.0 1071.1 438.5 699.5
187 19991225080301 18.6 8.4 85.0 6.2 660.4 312.0 5.0 1223.5 545.1 660.5
187 19991225080401 19.1 8.4 83.0 6.1 660.4 323.0 6.0 1312.5 246.9 1038.3
187 19991225080501 19.1 8.4 84.0 5.6 660.4 336.0 6.0 1447.9 417.3 1049.7
187 19991225080601 20.8 8.4 82.0 5.7 660.4 342.0 6.0 992.1 440.8 494.1
187 19991225080701 20.2 8.1 82.0 5.3 660.4 346.0 4.0 1359.5 373.4 971.0
187 19991225080801 20.2 8.2 83.0 5.4 660.4 299.0 8.0 1263.8 318.4 876.7
187 19991225080901 20.1 8.4 85.0 5.6 660.4 287.0 5.0 1409.2 361.3 1058.9
187 19991225081001 18.7 8.6 85.0 6.1 660.4 333.0 6.0 1012.8 581.1 443.1
187 19991225081101 21.7 8.5 83.0 6.1 660.4 321.0 8.0 1341.2 513.1 919.9
187 19991225081201 20.6 8.5 83.0 5.7 660.4 325.0 6.0 1076.8 393.1 570.0
187 19991225081301 16.3 8.4 81.0 5.8 660.3 314.0 5.0 1238.1 194.2 1062.1
187 19991225081401 20.6 8.5 81.0 5.2 660.4 269.0 2.0 1255.9 180.2 1075.7
187 19991225081501 20.5 8.7 80.0 5.4 660.4 316.0 5.0 1270.6 235.9 1042.3
187 19991225081601 20.1 8.6 79.0 5.5 660.4 308.0 8.0 1285.6 243.7 1059.9
187 19991225081701 22.2 8.4 80.0 5.1 660.3 307.0 7.0 1202.4 185.5 1020.4
187 19991225081801 22.4 8.4 81.0 5.1 660.3 314.0 4.0 1311.2 302.1 1020.4
187 19991225081901 22.8 8.6 83.0 5.5 660.4 302.0 4.0 1091.7 510.1 739.6
187 19991225082001 19.7 8.8 84.0 5.9 660.4 281.0 6.0 968.3 725.7 213.6
187 19991225082101 19.0 8.9 82.0 6.3 660.3 279.0 4.0 860.3 711.4 163.8
187 19991225082201 17.4 8.5 82.0 5.7 660.3 237.0 1.0 614.5 541.5 71.7
187 19991225082301 22.1 8.3 84.0 5.6 660.3 212.0 3.0 1138.2 685.1 412.6
187 19991225082401 20.2 8.5 84.0 5.9 660.3 279.0 5.0 820.2 616.4 311.3
187 19991225082501 21.6 8.5 83.0 5.8 660.3 333.0 6.0 579.6 508.1 85.3
187 19991225082601 21.6 8.2 85.0 5.7 660.3 1.0 6.0 543.4 491.5 52.5
187 19991225082701 20.4 7.9 88.0 5.7 660.3 351.0 4.0 1040.6 792.5 191.6
187 19991225082801 14.1 7.9 83.0 6.1 660.3 307.0 6.0 1242.7 664.1 471.3
187 19991225082901 27.4 7.8 85.0 4.6 660.2 328.0 8.0 1255.8 676.4 708.7
187 19991225083001 21.0 7.8 85.0 5.6 660.3 323.0 5.0 1099.3 718.1 337.3
187 19991225083101 20.2 7.9 86.0 5.5 660.3 312.0 3.0 1324.2 807.4 585.4
187 19991225083201 20.1 8.0 86.0 5.8 660.3 321.0 3.0 1292.4 801.1 499.9
187 19991225083301 20.4 8.3 87.0 6.1 660.3 311.0 3.0 1288.3 793.9 526.9
187 19991225083401 19.1 8.6 84.0 6.3 660.3 297.0 5.0 1106.5 766.4 361.2
187 19991225083501 20.5 8.6 84.0 6.1 660.3 333.0 6.0 744.6 641.6 127.3
187 19991225083601 14.0 8.3 83.0 6.2 660.3 348.0 5.0 850.7 697.2 97.7
187 19991225083701 24.3 8.0 86.0 5.4 660.3 323.0 7.0 1045.9 764.2 355.0
187 19991225083801 18.5 8.0 85.0 5.7 660.2 304.0 7.0 1058.5 697.0 369.8
187 19991225083901 20.0 7.9 85.0 5.7 660.2 310.0 8.0 804.7 650.3 212.2
187 19991225084001 17.9 7.8 86.0 5.6 660.2 308.0 6.0 460.3 423.4 45.2
187 19991225084101 20.7 7.6 88.0 5.7 660.2 308.0 8.0 384.7 351.4 33.6
187 19991225084201 19.8 7.7 88.0 5.9 660.2 332.0 8.0 464.2 414.8 47.4
187 19991225084301 21.6 7.7 87.0 5.9 660.2 340.0 5.0 467.7 419.8 47.6
187 19991225084401 21.6 7.7 86.0 5.6 660.3 339.0 6.0 623.3 553.3 68.5
187 19991225084501 20.2 7.7 84.0 5.4 660.3 344.0 6.0 663.6 600.4 61.3
187 19991225084601 20.2 7.6 84.0 5.3 660.3 313.0 7.0 869.5 714.7 123.7
187 19991225084701 20.9 7.7 83.0 5.1 660.2 310.0 7.0 1021.2 699.5 439.6
187 19991225084801 20.8 7.8 83.0 5.0 660.3 314.0 6.0 807.0 676.2 140.7
187 19991225084901 21.4 7.8 82.0 5.0 660.3 321.0 6.0 811.6 655.4 128.9
187 19991225085001 21.6 7.9 83.0 5.0 660.3 321.0 7.0 1026.9 708.7 280.3
187 19991225085101 21.6 8.0 81.0 5.1 660.2 317.0 5.0 1081.8 609.2 409.8
187 19991225085201 19.4 8.1 80.0 5.0 660.2 289.0 3.0 1076.4 628.6 558.0
187 19991225085301 20.5 8.4 80.0 4.9 660.2 296.0 5.0 788.4 605.9 155.2
187 19991225085401 25.8 8.5 82.0 5.3 660.3 295.0 3.0 609.0 479.6 130.1
187 19991225085501 22.2 8.2 83.0 5.5 660.3 8.0 4.0 543.7 475.9 71.3
187 19991225085601 23.1 8.1 84.0 5.5 660.2 312.0 9.0 1221.2 508.0 548.6
187 19991225085701 23.6 8.1 85.0 5.6 660.2 305.0 9.0 990.7 619.6 520.3
187 19991225085801 22.4 8.1 86.0 5.7 660.2 335.0 8.0 1011.5 789.7 261.7
187 19991225085901 20.8 8.4 86.0 6.2 660.2 320.0 9.0 757.6 634.8 112.1
187 19991225090001 23.0 8.5 81.0 6.1 660.2 334.0 7.0 1153.0 792.9 324.7
187 19991225090101 21.7 8.5 83.0 5.2 660.2 320.0 9.0 1383.8 803.2 484.9
187 19991225090201 19.8 8.8 80.0 5.9 660.1 328.0 9.0 653.6 521.5 190.4
187 19991225090301 22.3 8.8 79.0 5.5 660.2 346.0 8.0 906.5 467.2 277.7
187 19991225090401 20.8 8.7 79.0 5.0 660.2 351.0 7.0 904.9 442.1 491.1
187 19991225090501 22.8 8.8 79.0 5.4 660.2 330.0 6.0 1173.1 465.4 636.7
187 19991225090601 21.4 9.0 77.0 5.5 660.2 334.0 6.0 915.0 493.0 353.2
187 19991225090701 22.1 9.0 78.0 5.1 660.1 351.0 3.0 1297.3 557.2 772.8
187 19991225090801 21.9 9.3 79.0 5.5 660.1 326.0 5.0 1151.4 664.2 230.6
187 19991225090901 21.0 9.3 81.0 5.8 660.1 308.0 6.0 1126.1 755.2 463.3
187 19991225091001 23.3 9.4 82.0 6.3 660.1 319.0 6.0 642.1 555.9 106.3
187 19991225091101 22.5 9.4 82.0 6.5 660.0 323.0 7.0 409.9 365.0 48.2
187 19991225091201 19.2 8.8 83.0 6.3 660.1 314.0 5.0 319.7 290.0 27.8
187 19991225091301 19.0 8.5 86.0 6.1 660.1 287.0 6.0 272.8 249.9 23.8
187 19991225091401 18.1 8.3 86.0 6.2 660.1 295.0 7.0 246.5 229.8 16.4
187 19991225091501 20.3 7.9 88.0 6.0 660.1 313.0 5.0 225.0 210.5 14.8
187 19991225091601 20.2 7.6 90.0 5.9 660.1 331.0 3.0 253.9 235.4 16.6
187 19991225091701 18.0 7.5 91.0 6.0 660.1 314.0 4.0 401.9 366.5 29.4
187 19991225091801 17.3 7.4 91.0 6.1 660.0 297.0 5.0 492.2 445.3 49.7
187 19991225091901 19.8 7.2 92.0 6.0 660.0 305.0 7.0 409.2 375.7 31.0
187 19991225092001 18.5 7.1 93.0 6.1 660.0 292.0 5.0 387.2 357.4 30.0
187 19991225092101 18.3 7.0 93.0 5.9 660.0 294.0 6.0 429.6 396.9 29.6
187 19991225092201 20.5 6.8 93.0 5.9 660.0 297.0 6.0 558.1 510.4 47.8
187 19991225092301 20.0 6.8 93.0 5.9 660.0 305.0 7.0 526.4 491.0 37.6
187 19991225092401 18.3 6.8 92.0 5.8 660.0 301.0 4.0 373.3 346.9 27.2
187 19991225092501 19.1 6.7 93.0 5.6 660.0 298.0 8.0 365.2 339.5 24.6
187 19991225092601 21.9 6.7 93.0 5.6 660.0 323.0 8.0 351.4 315.4 35.0
187 19991225092701 20.1 6.6 94.0 5.6 660.0 324.0 6.0 337.9 307.6 29.4
187 19991225092801 19.7 6.6 94.0 5.7 660.0 332.0 5.0 369.0 336.2 30.0
187 19991225092901 20.4 6.5 94.0 5.6 659.9 318.0 5.0 491.2 450.6 39.2
187 19991225093001 18.8 6.7 94.0 5.7 659.9 315.0 4.0 588.3 534.3 53.3
187 19991225093101 21.4 6.9 93.0 5.9 659.9 316.0 4.0 619.3 564.3 53.7
187 19991225093201 22.7 7.1 91.0 5.9 659.9 332.0 4.0 639.2 579.3 62.3
187 19991225093301 20.4 7.2 90.0 5.7 659.9 350.0 3.0 432.5 395.3 38.6
187 19991225093401 21.3 7.3 89.0 5.7 659.9 10.0 2.0 401.6 368.8 32.4
187 19991225093501 20.8 7.3 89.0 5.7 659.9 317.0 3.0 511.0 470.4 39.4
187 19991225093601 15.6 7.3 89.0 5.6 659.9 268.0 6.0 606.8 555.6 48.4
187 19991225093701 22.1 7.6 91.0 5.6 659.9 294.0 9.0 481.8 435.6 52.9
187 19991225093801 19.6 7.6 92.0 6.2 659.8 303.0 9.0 416.7 391.7 23.4
187 19991225093901 17.7 7.3 89.0 6.4 659.8 288.0 8.0 425.4 390.7 36.6
187 19991225094001 17.3 7.0 90.0 5.6 659.8 276.0 6.0 443.1 402.1 38.6
187 19991225094101 20.6 6.7 93.0 5.3 659.9 272.0 4.0 564.2 501.2 65.7
187 19991225094201 19.0 6.8 95.0 5.7 659.9 268.0 5.0 497.6 444.8 56.1
187 19991225094301 19.9 6.9 93.0 6.0 659.9 258.0 3.0 335.6 308.7 26.6
187 19991225094401 21.2 7.0 94.0 5.9 659.9 310.0 6.0 285.2 261.3 27.4
187 19991225094501 21.5 7.0 94.0 6.0 659.9 317.0 9.0 288.4 272.6 15.8
187 19991225094601 20.5 6.9 93.0 6.0 659.8 317.0 10.0 386.1 365.0 21.0
187 19991225094701 19.2 6.8 92.0 5.9 659.8 311.0 9.0 521.6 485.5 33.2
187 19991225094801 20.7 6.7 92.0 5.5 659.8 323.0 5.0 593.2 537.0 52.9
187 19991225094901 19.8 6.7 94.0 5.6 659.9 305.0 5.0 733.6 635.3 96.7
187 19991225095001 19.5 6.7 93.0 5.7 659.9 306.0 4.0 603.5 550.3 58.7
187 19991225095101 22.0 6.7 93.0 5.6 659.9 303.0 7.0 559.6 519.1 41.2
187 19991225095201 20.4 6.7 94.0 5.7 659.9 298.0 6.0 648.6 597.1 47.6
187 19991225095301 17.8 6.7 93.0 5.8 659.9 284.0 7.0 628.8 557.4 72.5
187 19991225095401 21.9 6.7 94.0 5.7 659.9 312.0 7.0 513.9 481.2 35.2
187 19991225095501 23.3 6.9 93.0 5.8 659.9 332.0 7.0 496.6 451.1 41.2
187 19991225095601 21.8 6.9 93.0 5.8 659.9 316.0 8.0 362.3 327.5 37.0
187 19991225095701 20.6 6.9 94.0 5.9 659.8 303.0 10.0 309.4 287.4 23.2
187 19991225095801 18.4 6.7 94.0 5.9 659.8 323.0 8.0 288.7 268.9 20.4
187 19991225095901 21.2 6.5 95.0 5.8 659.9 318.0 7.0 302.0 281.6 19.4
187 19991225100001 19.3 6.6 97.0 5.9 659.9 319.0 7.0 301.8 276.4 23.2
187 19991225100101 19.8 6.5 96.0 6.1 659.8 304.0 8.0 317.9 299.3 20.8
187 19991225100201 17.4 6.4 96.0 5.9 659.8 287.0 7.0 357.2 332.7 21.6
187 19991225100301 16.3 6.2 96.0 5.7 659.9 269.0 4.0 337.7 311.7 27.8
187 19991225100401 21.3 6.1 95.0 5.6 659.8 280.0 5.0 374.3 332.7 40.2
187 19991225100501 22.4 6.2 96.0 5.5 659.8 294.0 6.0 283.1 253.7 32.4
187 19991225100601 21.4 6.2 96.0 5.7 659.8 311.0 5.0 224.4 203.7 21.0
187 19991225100701 20.8 6.2 97.0 5.7 659.8 290.0 6.0 228.2 209.1 18.2
187 19991225100801 19.9 6.2 97.0 5.8 659.8 284.0 8.0 262.4 242.2 20.0
187 19991225100901 22.5 6.1 97.0 5.7 659.7 323.0 7.0 311.3 290.4 23.0
187 19991225101001 22.6 6.1 98.0 5.7 659.8 329.0 8.0 287.2 266.6 21.2
187 19991225101101 21.6 6.1 98.0 5.8 659.7 324.0 6.0 276.7 256.9 19.0
187 19991225101201 21.2 6.1 99.0 5.8 659.7 316.0 7.0 312.3 290.6 21.0
187 19991225101301 19.1 6.0 99.0 6.0 659.7 302.0 6.0 428.4 400.1 25.6
187 19991225101401 18.6 6.0 98.0 5.8 659.7 295.0 7.0 323.4 301.9 24.2
187 19991225101501 20.1 6.0 99.0 5.8 659.7 299.0 6.0 219.4 202.9 16.4
187 19991225101601 16.7 6.0 99.0 5.8 659.7 285.0 5.0 220.6 204.3 16.0
187 19991225101701 21.1 5.9 98.0 5.7 659.7 286.0 7.0 226.8 208.4 17.8
187 19991225101801 19.5 5.9 99.0 5.6 659.7 283.0 8.0 205.3 189.3 17.2
187 19991225101901 18.1 5.8 99.0 5.7 659.7 288.0 6.0 180.3 167.6 13.0
187 19991225102001 18.2 5.7 99.0 5.5 659.7 279.0 7.0 198.3 183.3 14.6
187 19991225102101 19.4 5.6 99.0 5.5 659.7 268.0 7.0 216.8 198.0 17.6
187 19991225102201 20.6 5.7 99.0 5.4 659.7 263.0 8.0 233.6 214.6 19.2
187 19991225102301 21.8 5.8 100.0 5.6 659.7 276.0 9.0 264.1 243.8 20.4
187 19991225102401 19.5 5.6 99.0 5.7 659.7 276.0 6.0 292.9 271.4 22.0
187 19991225102501 23.4 5.6 99.0 5.4 659.7 281.0 8.0 347.4 325.3 20.2
187 19991225102601 19.7 5.7 100.0 5.5 659.6 284.0 7.0 435.9 400.1 33.8
187 19991225102701 22.1 5.6 99.0 5.6 659.6 284.0 7.0 503.2 472.1 31.4
187 19991225102801 23.2 5.7 99.0 5.5 659.6 306.0 6.0 526.1 488.8 40.2
187 19991225102901 23.5 5.9 99.0 5.6 659.6 302.0 6.0 457.6 429.0 27.6
187 19991225103001 17.0 6.0 98.0 5.8 659.6 275.0 6.0 519.3 470.7 44.8
187 19991225103101 22.1 6.2 98.0 5.8 659.6 263.0 3.0 632.5 566.6 63.5
187 19991225103201 23.0 6.4 98.0 5.9 659.6 286.0 3.0 757.8 662.9 85.9
187 19991225103301 24.4 6.7 97.0 6.1 659.5 319.0 3.0 755.4 659.1 97.9
187 19991225103401 24.1 7.0 97.0 6.4 659.5 309.0 4.0 672.0 596.7 81.9
187 19991225103501 21.2 7.3 96.0 6.6 659.5 311.0 5.0 560.4 506.5 56.9
187 19991225103601 21.3 7.4 93.0 6.7 659.5 316.0 6.0 500.8 457.9 42.4
187 19991225103701 20.1 7.5 92.0 6.2 659.4 309.0 8.0 478.9 442.2 39.0
187 19991225103801 18.6 7.5 90.0 6.3 659.4 304.0 8.0 496.7 466.9 30.4
187 19991225103901 17.3 7.4 89.0 5.8 659.4 300.0 5.0 527.5 485.0 41.2
187 19991225104001 21.1 7.2 90.0 5.6 659.4 301.0 4.0 470.1 430.1 42.6
187 19991225104101 22.6 7.1 91.0 5.6 659.4 304.0 4.0 327.7 300.6 28.0
187 19991225104201 21.2 7.1 93.0 5.8 659.4 270.0 6.0 294.1 268.6 25.6
187 19991225104301 17.9 7.2 93.0 6.1 659.4 274.0 7.0 308.0 280.3 26.8
187 19991225104401 21.9 7.2 91.0 6.1 659.4 283.0 6.0 303.8 273.9 30.6
187 19991225104501 24.4 7.1 94.0 5.8 659.4 304.0 6.0 257.9 232.9 25.6
187 19991225104601 21.8 7.0 94.0 6.3 659.3 282.0 6.0 255.6 235.3 21.4
187 19991225104701 22.8 6.9 94.0 6.1 659.3 297.0 8.0 218.1 198.9 21.4
187 19991225104801 22.5 6.7 95.0 6.0 659.3 302.0 8.0 173.9 162.3 11.8
187 19991225104901 22.1 6.4 95.0 5.8 659.3 297.0 6.0 155.1 144.0 10.8
187 19991225105001 22.5 6.2 97.0 5.7 659.3 309.0 8.0 151.1 141.1 10.8
187 19991225105101 22.4 6.1 97.0 5.7 659.3 304.0 7.0 156.9 146.8 10.0
187 19991225105201 21.4 6.0 98.0 5.6 659.3 305.0 6.0 182.9 169.8 12.6
187 19991225105301 21.2 6.0 98.0 5.7 659.4 298.0 4.0 158.7 147.9 11.4
187 19991225105401 19.9 5.8 98.0 5.7 659.4 297.0 5.0 121.4 113.8 8.4
187 19991225105501 24.1 5.8 98.0 5.4 659.4 308.0 6.0 108.2 101.2 7.0
187 19991225105601 23.6 5.8 99.0 5.5 659.4 305.0 5.0 96.6 90.6 5.8
187 19991225105701 21.0 5.8 99.0 5.6 659.4 323.0 6.0 98.4 91.4 6.8
187 19991225105801 22.9 5.7 99.0 5.6 659.4 341.0 4.0 100.6 93.8 6.8
187 19991225105901 21.6 5.7 99.0 5.4 659.3 319.0 5.0 105.5 98.4 7.0
187 19991225110001 20.8 5.7 99.0 5.5 659.3 289.0 6.0 99.8 93.6 6.4
187 19991225110101 21.8 5.6 99.0 5.5 659.3 311.0 7.0 98.6 93.1 5.2
187 19991225110201 23.5 5.6 99.0 5.4 659.3 306.0 7.0 92.7 87.2 5.8
187 19991225110301 21.4 5.7 100.0 5.5 659.3 310.0 8.0 100.4 94.4 5.8
187 19991225110401 20.9 5.6 100.0 5.6 659.3 309.0 7.0 115.1 107.6 7.0
187 19991225110501 19.9 5.6 99.0 5.6 659.3 290.0 7.0 123.1 114.4 8.4
187 19991225110601 22.4 5.4 99.0 5.4 659.3 282.0 5.0 127.4 118.3 8.6
187 19991225110701 21.4 5.4 100.0 5.3 659.3 271.0 4.0 122.8 113.9 8.6
187 19991225110801 19.8 5.4 100.0 5.3 659.3 279.0 6.0 126.4 116.9 8.8
187 19991225110901 21.0 5.4 100.0 5.4 659.3 288.0 6.0 133.7 124.9 8.8
187 19991225111001 22.9 5.4 100.0 5.4 659.3 296.0 7.0 154.1 142.5 11.2
187 19991225111101 20.8 5.5 100.0 5.5 659.3 265.0 7.0 155.5 143.8 11.8
187 19991225111201 21.8 5.6 100.0 5.5 659.3 264.0 7.0 169.0 156.4 12.8
187 19991225111301 26.5 5.7 100.0 5.6 659.3 314.0 6.0 207.6 190.3 16.2
187 19991225111401 0.1 5.7 100.0 5.7 659.2 305.0 5.0 190.6 174.0 17.4
187 19991225111501 0.0 5.6 100.0 5.6 659.2 317.0 7.0 165.8 152.8 12.6
187 19991225111601 -0.0 5.6 100.0 5.6 659.2 329.0 7.0 153.4 141.2 12.2
187 19991225111701 -0.1 5.5 100.0 5.6 659.2 334.0 5.0 145.3 134.2 10.6
187 19991225111801 -0.0 5.5 100.0 5.5 659.2 324.0 4.0 134.5 124.3 10.6
187 19991225111901 -0.0 5.5 100.0 5.5 659.2 323.0 2.0 111.4 104.2 7.6
187 19991225112001 0.0 5.6 100.0 5.6 659.2 268.0 3.0 104.4 97.2 6.6
187 19991225112101 0.0 5.5 100.0 5.6 659.1 278.0 5.0 92.2 85.0 7.4
187 19991225112201 0.0 5.5 100.0 5.5 659.1 301.0 5.0 75.9 70.1 6.0
187 19991225112301 -0.0 5.5 100.0 5.5 659.1 291.0 5.0 73.7 68.4 5.4
187 19991225112401 -0.0 5.4 100.0 5.5 659.1 310.0 6.0 74.1 68.7 5.6
187 19991225112501 0.0 5.5 100.0 5.5 659.1 308.0 6.0 68.1 63.4 5.0
187 19991225112601 -0.0 5.4 100.0 5.4 659.1 268.0 5.0 61.4 57.3 4.2
187 19991225112701 0.0 5.5 100.0 5.4 659.1 297.0 5.0 65.3 61.1 4.0
187 19991225112801 0.0 5.5 100.0 5.5 659.1 292.0 4.0 63.7 59.5 4.4
187 19991225112901 -0.0 5.4 100.0 5.4 659.1 277.0 6.0 62.3 58.5 3.6
187 19991225113001 0.0 5.5 100.0 5.4 659.1 295.0 8.0 66.2 61.9 4.2
187 19991225113101 -0.0 5.3 100.0 5.4 659.1 296.0 7.0 69.0 63.7 5.4
187 19991225113201 -0.0 5.3 100.0 5.3 659.1 300.0 7.0 63.1 58.5 5.0
187 19991225113301 -0.0 5.4 100.0 5.3 659.1 276.0 5.0 64.7 60.1 4.6
187 19991225113401 -0.0 5.4 100.0 5.4 659.1 301.0 5.0 70.9 65.9 4.6
187 19991225113501 -0.0 5.4 100.0 5.4 659.1 272.0 4.0 71.9 66.5 5.6
187 19991225113601 -0.1 5.4 100.0 5.4 659.1 279.0 5.0 66.5 62.1 4.8
187 19991225113701 -0.0 5.5 100.0 5.4 659.1 284.0 5.0 69.6 65.1 4.6
187 19991225113801 -0.0 5.6 100.0 5.5 659.1 290.0 4.0 70.1 65.8 4.2
187 19991225113901 -0.0 5.6 100.0 5.6 659.0 308.0 5.0 70.9 65.5 5.6
187 19991225114001 -0.0 5.6 100.0 5.6 659.0 297.0 6.0 70.5 65.4 5.0
187 19991225114101 0.0 5.5 100.0 5.6 659.0 294.0 6.0 75.4 69.9 5.4
187 19991225114201 -0.0 5.5 100.0 5.5 659.0 296.0 6.0 74.6 69.1 5.6
187 19991225114301 0.0 5.4 100.0 5.4 659.0 298.0 6.0 70.3 65.1 5.0
187 19991225114401 0.0 5.4 100.0 5.4 659.0 287.0 5.0 71.1 65.6 5.4
187 19991225114501 -0.0 5.4 100.0 5.4 659.0 292.0 6.0 68.6 63.3 5.4
187 19991225114601 0.0 5.4 100.0 5.4 659.0 296.0 5.0 70.0 64.7 5.2
187 19991225114701 -0.0 5.4 100.0 5.5 659.0 296.0 4.0 67.9 62.7 5.4
187 19991225114801 -0.0 5.3 100.0 5.4 659.0 280.0 4.0 62.6 57.6 5.0
187 19991225114901 0.0 5.3 100.0 5.3 659.0 308.0 4.0 57.5 53.2 4.4
187 19991225115001 -0.0 5.4 100.0 5.4 659.0 300.0 6.0 57.3 52.9 4.6
187 19991225115101 0.0 5.4 100.0 5.4 659.0 293.0 6.0 56.2 51.5 4.6
187 19991225115201 0.0 5.3 100.0 5.3 659.0 284.0 5.0 53.9 49.7 4.4
187 19991225115301 0.0 5.3 100.0 5.3 659.0 288.0 7.0 53.5 49.6 4.0
187 19991225115401 0.0 5.3 100.0 5.2 659.0 291.0 6.0 57.0 52.7 4.2
187 19991225115501 0.0 5.3 100.0 5.3 659.0 308.0 5.0 60.3 55.7 4.4
187 19991225115601 -0.0 5.3 100.0 5.3 659.0 279.0 7.0 67.3 62.3 4.8
187 19991225115701 -0.0 5.3 100.0 5.3 659.0 282.0 7.0 78.9 72.9 5.6
187 19991225115801 -0.0 5.3 100.0 5.3 659.0 293.0 7.0 81.7 74.5 6.8
187 19991225115901 -0.0 5.2 100.0 5.2 659.0 298.0 8.0 87.1 80.7 6.2
187 19991225120001 0.0 5.2 100.0 5.2 658.9 290.0 7.0 87.6 81.1 6.4
187 19991225120101 0.0 5.1 100.0 5.2 659.0 283.0 5.0 81.3 75.8 5.4
187 19991225120201 0.0 5.2 100.0 5.1 659.0 316.0 6.0 77.9 72.3 5.6
187 19991225120301 0.0 5.3 100.0 5.2 659.0 319.0 5.0 69.5 64.3 5.2
187 19991225120401 -0.0 5.3 100.0 5.3 659.0 312.0 6.0 67.3 62.8 4.4
187 19991225120501 -0.0 5.4 100.0 5.3 659.0 308.0 5.0 67.9 63.1 4.8
187 19991225120601 -0.0 5.4 100.0 5.4 659.0 293.0 5.0 74.5 68.9 5.2
187 19991225120701 -0.1 5.3 100.0 5.4 659.0 280.0 3.0 75.6 68.7 6.6
187 19991225120801 0.0 5.2 100.0 5.2 659.0 278.0 4.0 70.0 64.1 6.2
187 19991225120901 -0.0 5.2 100.0 5.2 659.0 295.0 5.0 72.9 67.3 5.4
187 19991225121001 0.0 5.1 100.0 5.2 658.9 293.0 4.0 82.2 75.1 6.6
187 19991225121101 -0.0 5.0 100.0 5.1 658.9 330.0 3.0 87.6 79.3 8.4
187 19991225121201 -0.1 5.1 100.0 5.1 658.9 321.0 4.0 78.2 71.0 7.4
187 19991225121301 -0.1 5.1 100.0 5.1 658.9 305.0 5.0 85.2 78.2 6.2
187 19991225121401 -0.0 5.2 100.0 5.1 658.9 305.0 5.0 100.1 91.8 8.4
187 19991225121501 -0.1 5.3 / / 658.9 298.0 5.0 123.6 112.4 10.2
187 19991225121601 -0.1 5.2 100.0 / 658.9 303.0 7.0 123.1 112.8 11.4
187 19991225121701 -0.0 5.2 100.0 5.2 658.8 303.0 7.0 117.9 109.0 8.8
187 19991225121801 0.0 5.2 100.0 / 658.8 288.0 5.0 105.2 96.2 9.4
187 19991225121901 -0.0 5.2 100.0 5.2 658.9 294.0 5.0 84.8 77.9 7.0
187 19991225122001 -0.0 5.3 100.0 5.2 658.9 304.0 5.0 82.7 76.4 6.2
187 19991225122101 -0.1 5.3 100.0 5.3 658.9 313.0 4.0 80.1 74.1 6.2
187 19991225122201 -0.1 5.2 100.0 5.3 658.9 310.0 4.0 74.2 68.6 5.6
187 19991225122301 -0.1 5.2 100.0 5.2 658.9 301.0 3.0 69.2 63.3 5.8
187 19991225122401 -0.1 5.2 100.0 5.2 658.9 279.0 4.0 59.5 54.0 5.2
187 19991225122501 -0.0 5.1 100.0 5.1 658.9 285.0 6.0 52.7 48.0 4.6
187 19991225122601 -0.1 5.2 100.0 5.1 658.9 330.0 5.0 55.9 51.5 4.4
187 19991225122701 -0.1 5.3 / / 658.9 331.0 6.0 62.4 57.7 4.6
187 19991225122801 -0.0 5.3 / / 658.8 331.0 6.0 72.6 67.4 5.0
187 19991225122901 -0.0 5.2 / / 658.8 323.0 6.0 80.1 74.3 6.0
187 19991225123001 -0.0 5.3 100.0 / 658.8 320.0 6.0 78.9 73.4 5.6
187 19991225123101 -0.0 5.3 100.0 5.3 658.8 313.0 6.0 72.7 67.0 5.8
187 19991225123201 0.0 5.4 / / 658.8 319.0 5.0 69.7 64.1 5.6
187 19991225123301 -0.0 5.5 / / 658.8 323.0 5.0 65.4 60.5 5.0
187 19991225123401 -0.1 5.4 100.0 / 658.8 339.0 5.0 64.5 59.9 4.4
187 19991225123501 -0.1 5.3 100.0 5.4 658.8 334.0 4.0 63.5 58.6 4.8
187 19991225123601 -0.1 5.3 100.0 5.3 658.8 330.0 5.0 62.1 57.4 4.6
187 19991225123701 -0.0 5.3 100.0 5.3 658.8 337.0 4.0 63.2 58.1 5.2
187 19991225123801 -0.0 5.3 100.0 5.3 658.8 318.0 4.0 69.8 64.3 5.4
187 19991225123901 0.0 5.4 100.0 5.4 658.8 316.0 5.0 85.4 79.3 5.8
187 19991225124001 -0.0 5.3 100.0 5.3 658.8 311.0 4.0 105.6 97.4 7.6
187 19991225124101 -0.0 5.3 100.0 5.2 658.9 306.0 3.0 80.1 73.6 7.4
187 19991225124201 0.0 5.3 100.0 5.3 658.9 334.0 2.0 61.9 57.4 4.4
187 19991225124301 0.0 5.3 100.0 5.3 658.9 331.0 5.0 50.1 46.4 4.0
187 19991225124401 -0.1 5.4 / / 658.9 335.0 6.0 45.4 42.4 3.2
187 19991225124501 -0.1 5.4 / / 658.9 338.0 7.0 45.0 42.1 3.0
187 19991225124601 -0.0 5.3 / / 658.9 338.0 7.0 45.8 42.6 3.4
187 19991225124701 -0.0 5.2 100.0 / 658.9 336.0 6.0 49.1 45.5 3.2
187 19991225124801 0.0 5.2 100.0 5.2 658.9 337.0 6.0 57.3 53.2 4.0
187 19991225124901 -0.0 5.2 / / 658.9 334.0 6.0 71.2 66.3 4.8
187 19991225125001 -0.0 5.2 100.0 / 658.8 334.0 5.0 83.5 77.7 5.4
187 19991225125101 -0.0 5.2 100.0 5.2 658.8 330.0 5.0 93.5 87.2 6.4
187 19991225125201 -0.0 5.2 / / 658.8 335.0 4.0 94.8 88.0 7.2
187 19991225125301 -0.1 5.2 / / 658.9 334.0 4.0 97.8 91.6 5.8
187 19991225125401 -0.1 5.3 / / 658.9 333.0 4.0 104.7 98.1 6.8
187 19991225125501 0.0 5.4 / / 658.9 346.0 6.0 123.9 116.5 6.8
187 19991225125601 -0.0 5.4 / / 658.8 354.0 5.0 130.0 120.9 8.8
187 19991225125701 -0.1 5.4 / / 658.8 348.0 6.0 110.1 101.2 9.2
187 19991225125801 0.0 5.4 / / 658.8 348.0 6.0 89.1 82.8 6.2
187 19991225125901 0.0 5.3 100.0 / 658.8 353.0 6.0 82.3 76.1 6.0
187 19991225130001 0.0 5.4 / / 658.8 356.0 4.0 81.5 75.5 5.8
187 19991225130101 -0.0 5.5 / / 658.8 356.0 5.0 87.7 81.9 5.8
187 19991225130201 0.0 5.4 / / 658.8 352.0 6.0 88.2 81.5 6.6
187 19991225130301 0.0 5.3 100.0 / 658.7 355.0 7.0 91.8 83.9 8.0
187 19991225130401 0.0 5.3 100.0 5.3 658.8 349.0 6.0 113.2 103.4 9.0
187 19991225130501 -0.0 5.3 / 5.3 658.8 337.0 4.0 139.8 126.0 13.6
187 19991225130601 -0.0 5.3 / / 658.8 308.0 4.0 149.8 135.9 14.2
187 19991225130701 0.0 5.4 / / 658.7 301.0 5.0 191.7 174.2 16.4
187 19991225130801 0.0 5.4 / / 658.8 292.0 5.0 226.3 205.3 21.4
187 19991225130901 -0.0 5.3 / / 658.8 309.0 4.0 182.0 164.6 19.2
187 19991225131001 -0.0 5.3 / / 658.8 301.0 4.0 111.3 100.6 11.8
187 19991225131101 -0.0 5.3 / / 658.8 322.0 3.0 86.2 79.7 6.4
187 19991225131201 -0.0 5.3 / / 658.8 346.0 4.0 75.1 69.1 6.6
187 19991225131301 -0.0 5.3 / / 658.8 332.0 6.0 74.3 69.8 4.8
187 19991225131401 0.0 5.4 / / 658.8 325.0 8.0 78.2 73.7 4.6
187 19991225131501 0.0 5.3 100.0 / 658.8 334.0 6.0 86.0 80.9 5.0
187 19991225131601 -0.0 5.2 100.0 5.2 658.8 338.0 6.0 87.9 82.2 5.8
187 19991225131701 -0.0 5.2 100.0 5.2 658.7 328.0 7.0 89.6 83.4 6.4
187 19991225131801 -0.0 5.2 / / 658.7 334.0 5.0 93.6 86.0 8.0
187 19991225131901 0.0 5.2 / / 658.7 329.0 6.0 88.7 82.9 6.0
187 19991225132001 0.0 5.2 / / 658.7 317.0 6.0 90.6 83.9 6.4
187 19991225132101 -0.0 5.2 / / 658.7 320.0 5.0 86.5 80.3 6.0
187 19991225132201 -0.0 5.2 / / 658.7 326.0 5.0 87.8 82.0 5.8
187 19991225132301 0.0 5.3 / / 658.8 334.0 4.0 79.9 74.4 5.6
187 19991225132401 0.0 5.2 / / 658.8 10.0 4.0 66.7 61.9 5.0
187 19991225132501 0.0 5.2 100.0 / 658.8 88.0 4.0 58.5 55.3 3.0
187 19991225132601 -0.0 5.1 / / 658.7 223.0 4.0 62.1 59.5 2.8
187 19991225132701 -0.0 5.1 / / 658.8 248.0 3.0 82.4 79.1 2.6
187 19991225132801 -0.1 5.1 / / 658.8 283.0 3.0 111.0 105.3 5.4
187 19991225132901 -0.0 5.1 / / 658.8 303.0 5.0 124.8 117.7 6.6
187 19991225133001 -0.0 5.1 / / 658.8 321.0 6.0 126.8 117.5 9.0
187 19991225133101 -0.0 5.1 / / 658.8 319.0 6.0 119.0 110.5 8.6
187 19991225133201 -0.0 5.2 / / 658.8 320.0 6.0 117.7 110.4 7.6
187 19991225133301 -0.1 5.2 / / 658.8 319.0 6.0 125.1 116.5 7.4
187 19991225133401 -0.1 5.2 / / 658.8 332.0 6.0 98.8 89.6 9.8
187 19991225133501 -0.0 5.2 / / 658.8 317.0 6.0 86.5 80.1 6.6
187 19991225133601 -0.0 5.3 / / 658.8 328.0 5.0 79.4 73.1 6.6
187 19991225133701 -0.0 5.3 / / 658.8 330.0 5.0 68.5 63.5 5.0
187 19991225133801 -0.0 5.3 / / 658.8 326.0 6.0 64.7 60.2 4.4
187 19991225133901 0.0 5.2 / / 658.8 324.0 6.0 61.0 56.6 4.6
187 19991225134001 -0.1 5.1 100.0 / 658.8 342.0 5.0 55.1 50.9 4.2
187 19991225134101 -0.1 5.0 100.0 5.1 658.8 336.0 6.0 49.1 46.3 2.8
187 19991225134201 -0.0 5.0 / 5.0 658.8 337.0 5.0 53.5 51.1 2.4
187 19991225134301 0.0 5.0 / / 658.8 336.0 4.0 51.7 48.4 3.4
187 19991225134401 0.0 5.0 / / 658.8 327.0 4.0 46.8 44.6 2.0
187 19991225134501 -0.0 5.0 / / 658.9 337.0 4.0 50.7 48.8 1.8
187 19991225134601 0.0 5.0 / / 658.9 340.0 4.0 47.6 45.8 1.8
187 19991225134701 -0.0 5.0 / / 658.9 338.0 4.0 43.6 41.9 1.4
187 19991225134801 0.0 4.9 / / 658.9 334.0 1.0 42.3 39.6 2.6
187 19991225134901 -0.0 4.9 / / 658.9 339.0 0.0 36.2 33.6 3.0
187 19991225135001 -0.1 4.9 / / 658.9 354.0 1.0 34.8 33.3 1.8
187 19991225135101 -0.1 5.0 / / 658.9 14.0 3.0 36.5 35.1 1.2
187 19991225135201 -0.1 5.0 / / 658.9 19.0 2.0 36.6 34.2 2.4
187 19991225135301 -0.1 5.0 / / 658.9 18.0 3.0 31.4 29.4 2.2
187 19991225135401 -0.1 5.0 / / 658.9 2.0 3.0 29.4 27.4 1.8
187 19991225135501 0.0 5.0 / / 658.9 334.0 4.0 29.5 28.1 1.4
187 19991225135601 -0.0 5.1 / / 658.9 336.0 5.0 39.1 37.6 1.6
187 19991225135701 -0.0 5.1 / / 658.9 342.0 4.0 50.0 47.3 2.2
187 19991225135801 0.0 5.1 / / 658.9 331.0 3.0 49.7 46.0 3.6
187 19991225135901 0.0 5.1 / / 658.9 325.0 3.0 40.0 37.6 2.6
187 19991225140001 -0.0 5.1 / / 658.9 328.0 4.0 36.8 35.4 1.4
187 19991225140101 -0.0 5.1 / / 658.9 340.0 3.0 43.2 41.7 1.4
187 19991225140201 -0.0 5.1 / / 658.9 330.0 2.0 48.5 45.6 2.6
187 19991225140301 -0.0 5.0 / / 658.9 316.0 2.0 54.3 50.7 3.4
187 19991225140401 -0.0 5.1 / / 658.9 307.0 3.0 61.3 56.9 4.4
187 19991225140501 -0.0 5.1 / / 658.9 305.0 2.0 70.3 65.3 4.8
187 19991225140601 0.0 5.1 / / 658.8 317.0 3.0 80.5 75.0 5.4
187 19991225140701 -0.0 5.1 / / 658.8 306.0 2.0 91.0 83.4 7.6
187 19991225140801 0.0 5.1 / / 658.9 293.0 3.0 96.8 88.2 8.8
187 19991225140901 -0.1 5.0 / / 658.9 305.0 2.0 115.2 106.2 8.2
187 19991225141001 -0.1 5.1 / / 658.9 319.0 3.0 136.7 126.6 10.8
187 19991225141101 -0.0 5.1 / / 658.9 319.0 3.0 117.1 106.2 11.0
187 19991225141201 -0.0 5.2 / / 658.9 327.0 5.0 73.9 68.8 5.6
187 19991225141301 0.0 5.2 / / 658.9 322.0 5.0 59.4 56.5 3.0
187 19991225141401 -0.0 5.1 / / 658.9 316.0 5.0 61.2 58.2 3.0
187 19991225141501 0.0 5.1 / / 658.9 316.0 5.0 72.3 68.5 3.6
187 19991225141601 0.0 5.0 / / 658.9 318.0 4.0 84.8 79.5 4.8
187 19991225141701 0.0 5.0 / / 658.9 316.0 3.0 93.9 87.9 6.2
187 19991225141801 0.0 5.1 / / 658.9 304.0 3.0 94.8 89.3 5.6
187 19991225141901 0.0 5.1 / / 658.9 325.0 2.0 91.2 86.6 4.6
187 19991225142001 0.0 5.1 / / 658.9 336.0 2.0 85.2 81.5 3.8
187 19991225142101 0.0 5.1 / / 658.9 341.0 2.0 78.9 75.1 3.6
187 19991225142201 0.0 5.1 / / 658.9 303.0 3.0 68.5 64.2 4.2
187 19991225142301 0.0 5.2 / / 658.9 291.0 3.0 56.0 52.0 4.2
187 19991225142401 -0.0 5.1 / / 659.0 301.0 3.0 46.2 43.4 3.4
187 19991225142501 0.0 5.1 / / 659.0 323.0 3.0 39.2 37.0 2.2
187 19991225142601 -0.0 5.1 / / 659.0 315.0 3.0 34.2 32.5 2.0
187 19991225142701 -0.0 5.2 / / 658.9 280.0 3.0 31.9 30.4 1.6
187 19991225142801 -0.0 5.2 / / 658.9 282.0 3.0 33.0 31.8 1.2
187 19991225142901 -0.0 5.1 / / 658.9 281.0 3.0 34.6 32.8 1.6
187 19991225143001 0.0 5.0 100.0 / 658.9 291.0 3.0 33.8 32.0 1.8
187 19991225143101 0.0 5.0 / 5.0 658.9 302.0 4.0 31.6 30.5 1.0
187 19991225143201 -0.0 5.1 / / 658.9 296.0 3.0 31.2 30.3 0.8
187 19991225143301 0.0 5.1 / / 658.9 305.0 4.0 30.2 29.5 0.4
187 19991225143401 -0.0 5.0 / / 658.9 303.0 3.0 27.2 26.1 1.2
187 19991225143501 -0.0 5.1 / / 658.9 293.0 3.0 25.0 24.4 0.8
187 19991225143601 0.0 5.0 / / 659.0 288.0 3.0 24.9 24.6 0.4
187 19991225143701 0.0 5.0 100.0 / 659.0 284.0 2.0 24.0 23.4 0.8
187 19991225143801 -0.0 5.0 / / 659.0 266.0 1.0 20.8 20.2 0.8
187 19991225143901 -0.0 5.0 / / 659.0 275.0 1.0 16.8 16.1 1.0
187 19991225144001 0.0 5.1 / / 659.0 267.0 2.0 14.9 14.2 0.6
187 19991225144101 0.0 5.2 / / 659.0 268.0 4.0 14.8 14.2 0.8
187 19991225144201 -0.0 5.2 / / 659.0 258.0 5.0 16.0 15.4 0.8
187 19991225144301 -0.1 5.2 / / 659.0 263.0 5.0 14.6 14.0 0.8
187 19991225144401 -0.0 5.3 / / 659.0 257.0 4.0 12.5 12.1 0.4
187 19991225144501 -0.0 5.3 / / 659.0 255.0 6.0 12.8 12.3 0.4
187 19991225144601 -0.0 5.3 / / 659.1 250.0 5.0 12.0 11.4 0.6
187 19991225144701 -0.0 5.3 / / 659.1 248.0 6.0 10.2 9.9 0.6
187 19991225144801 -0.0 5.3 / / 659.1 262.0 6.0 10.9 10.6 0.2
187 19991225144901 -0.0 5.3 / / 659.1 259.0 6.0 13.0 12.5 0.8
187 19991225145001 0.0 5.3 / / 659.1 258.0 5.0 14.8 14.3 0.8
187 19991225145101 -0.0 5.3 / / 659.1 264.0 5.0 14.6 13.6 1.0
187 19991225145201 -0.0 5.2 / / 659.1 262.0 3.0 14.5 13.4 1.0
187 19991225145301 -0.0 5.1 / / 659.1 264.0 4.0 10.9 10.4 0.6
187 19991225145401 -0.1 5.2 / / 659.1 273.0 4.0 9.8 9.3 0.6
187 19991225145501 -0.1 5.2 / / 659.1 259.0 3.0 9.8 9.4 0.6
187 19991225145601 -0.0 5.3 / / 659.1 269.0 4.0 8.8 8.5 0.4
187 19991225145701 -0.0 5.2 / / 659.1 265.0 4.0 8.1 7.7 0.2
187 19991225145801 -0.0 5.2 / / 659.1 259.0 5.0 7.1 6.8 0.4
187 19991225145901 -0.1 5.2 / / 659.1 262.0 4.0 7.7 7.4 0.0
187 19991225150001 -0.0 5.2 / / 659.1 261.0 6.0 8.9 8.3 0.8
187 19991225150101 -0.0 5.2 / / 659.0 263.0 4.0 11.2 10.4 0.8
187 19991225150201 -0.0 5.1 / / 659.0 257.0 4.0 13.2 12.2 1.2
187 19991225150301 -0.0 5.1 / / 659.0 256.0 3.0 13.8 12.9 0.6
187 19991225150401 -0.0 5.0 / / 659.0 213.0 1.0 11.0 9.8 1.4
187 19991225150501 -0.0 5.0 / / 659.0 161.0 0.0 7.1 6.7 0.4
187 19991225150601 0.0 5.0 / / 659.0 217.0 0.0 6.0 5.8 0.4
187 19991225150701 -0.0 5.0 / / 659.0 284.0 3.0 5.9 5.8 0.2
187 19991225150801 -0.0 5.0 / / 659.0 286.0 5.0 6.2 6.1 0.0
187 19991225150901 -0.0 5.0 / / 659.0 278.0 4.0 6.2 6.0 0.4
187 19991225151001 -0.0 5.0 / / 659.0 284.0 4.0 6.4 6.0 0.0
187 19991225151101 -0.0 5.0 / / 659.1 292.0 4.0 6.1 5.8 0.4
187 19991225151201 -0.0 5.0 / / 659.1 275.0 3.0 6.1 5.9 0.2
187 19991225151301 -0.0 5.0 / / 659.1 272.0 3.0 6.0 5.6 0.4
187 19991225151401 -0.0 5.0 / / 659.1 288.0 4.0 5.8 5.6 0.0
187 19991225151501 -0.0 5.0 / / 659.1 289.0 5.0 6.0 5.8 0.2
187 19991225151601 -0.0 5.0 / / 659.1 299.0 4.0 5.8 5.7 0.0
187 19991225151701 -0.0 4.9 / / 659.1 305.0 3.0 5.6 5.6 0.0
187 19991225151801 -0.0 4.9 / / 659.1 273.0 2.0 4.8 4.7 0.2
187 19991225151901 -0.1 4.9 / / 659.1 261.0 3.0 4.1 4.0 -0.0
187 19991225152001 0.0 5.0 / / 659.1 267.0 3.0 3.4 3.1 0.4
187 19991225152101 -0.0 5.0 / / 659.2 260.0 2.0 2.9 3.0 -0.2
187 19991225152201 -0.0 5.1 / / 659.2 268.0 2.0 2.8 3.0 -0.4
187 19991225152301 -0.0 5.1 / / 659.1 275.0 1.0 2.4 2.4 0.2
187 19991225152401 -0.0 5.1 / / 659.1 326.0 0.0 2.2 2.2 0.0
187 19991225152501 -0.0 5.1 / / 659.1 316.0 0.0 2.2 2.2 -0.2
187 19991225152601 -0.0 5.1 / / 659.1 317.0 0.0 2.2 2.2 0.2
187 19991225152701 -0.0 5.0 / / 659.1 317.0 0.0 2.1 2.0 0.0
187 19991225152801 -0.0 5.0 / / 659.1 324.0 0.0 2.1 2.2 0.0
187 19991225152901 -0.0 5.0 / / 659.1 327.0 0.0 1.9 1.9 0.2
187 19991225153001 0.0 5.0 / / 659.1 324.0 0.0 1.6 1.4 0.2
187 19991225153101 -0.0 4.9 / / 659.1 338.0 0.0 1.2 1.2 0.2
187 19991225153201 -0.0 4.9 / / 659.1 348.0 0.0 1.4 1.4 0.2
187 19991225153301 -0.0 4.9 / / 659.1 324.0 0.0 1.2 1.2 0.0
187 19991225153401 0.0 4.9 / / 659.1 329.0 0.0 0.8 0.9 -0.2
187 19991225153501 -0.0 4.9 / / 659.1 322.0 0.0 0.7 0.8 -0.2
187 19991225153601 -0.0 4.9 / / 659.1 318.0 0.0 0.7 0.8 0.0
187 19991225153701 -0.0 4.9 / / 659.1 325.0 0.0 0.7 0.5 0.2
187 19991225153801 -0.0 4.9 / / 659.1 336.0 0.0 0.5 0.4 0.0
187 19991225153901 -0.0 4.9 / / 659.1 359.0 0.0 0.3 0.4 -0.2
187 19991225154001 -0.0 4.9 / / 659.2 4.0 0.0 0.5 0.4 0.0
187 19991225154101 -0.0 4.9 / / 659.2 339.0 0.0 0.4 0.5 0.0
187 19991225154201 -0.0 4.9 / / 659.2 314.0 0.0 0.2 0.3 -0.2
187 19991225154301 -0.0 4.9 / / 659.2 258.0 2.0 0.3 0.1 0.4
187 19991225154401 0.0 4.9 / / 659.2 276.0 2.0 0.1 0.1 0.0
187 19991225154501 -0.0 4.9 / / 659.2 268.0 2.0 0.0 0.1 0.0
187 19991225154601 -0.0 5.0 / / 659.2 257.0 3.0 0.2 0.1 0.0
187 19991225154701 -0.0 5.0 / / 659.2 254.0 3.0 0.1 0.1 0.2
187 19991225154801 -0.0 4.9 / / 659.2 240.0 2.0 0.1 0.2 0.0
187 19991225154901 -0.0 4.9 / / 659.2 251.0 2.0 0.3 0.3 0.0
187 19991225155001 -0.0 4.9 / / 659.1 253.0 2.0 0.1 0.1 0.0
187 19991225155101 -0.0 4.9 / / 659.2 242.0 2.0 0.1 0.1 0.0
187 19991225155201 -0.0 4.9 / / 659.2 242.0 1.0 0.3 0.3 0.0
187 19991225155301 -0.0 4.9 / / 659.2 245.0 2.0 0.0 0.1 0.0
187 19991225155401 -0.0 4.9 / / 659.2 252.0 2.0 0.0 0.0 0.0
187 19991225155501 -0.1 4.9 / / 659.2 264.0 2.0 0.1 0.1 0.0
187 19991225155601 -0.0 4.8 / / 659.2 263.0 2.0 0.1 0.1 0.2
187 19991225155701 -0.0 4.8 / / 659.2 247.0 3.0 0.0 0.0 0.0
187 19991225155801 -0.0 4.8 / / 659.2 239.0 3.0 0.0 0.0 0.0
187 19991225155901 -0.0 4.8 / / 659.2 241.0 2.0 0.0 0.0 0.0
187 19991225160001 -0.0 4.8 / / 659.2 239.0 2.0 0.0 0.1 0.0
187 19991225160101 -0.1 4.8 / / 659.2 246.0 3.0 0.0 0.0 0.0
187 19991225160201 -0.0 4.8 / / 659.2 210.0 4.0 0.0 0.0 0.0
187 19991225160301 -0.0 4.7 / / 659.2 194.0 4.0 0.0 0.0 0.0
187 19991225160401 -0.0 4.5 / / 659.2 200.0 2.0 0.0 0.1 0.0
187 19991225160501 -0.0 4.5 / / 659.2 220.0 3.0 0.0 0.1 0.0
187 19991225160601 -0.0 4.7 / / 659.2 224.0 5.0 0.0 0.1 0.0
187 19991225160701 -0.0 4.7 / / 659.2 222.0 3.0 0.0 0.1 0.0
187 19991225160801 -0.1 4.8 / / 659.2 236.0 3.0 0.0 0.0 0.0
187 19991225160901 -0.0 4.8 / / 659.2 231.0 3.0 0.0 0.0 0.0
187 19991225161001 -0.0 4.8 / / 659.2 220.0 3.0 0.0 0.0 0.0
187 19991225161101 -0.0 4.8 / / 659.3 211.0 3.0 0.1 0.2 0.0
187 19991225161201 0.0 4.7 / / 659.3 213.0 2.0 0.4 0.7 -0.4
187 19991225161301 0.0 4.7 / / 659.3 211.0 2.0 0.3 0.3 0.0
187 19991225161401 -0.0 4.7 / / 659.3 210.0 1.0 0.0 0.1 0.0
187 19991225161501 -0.0 4.7 / / 659.3 209.0 1.0 0.0 0.0 0.0
187 19991225161601 -0.0 4.7 / / 659.3 228.0 1.0 0.0 0.1 0.0
187 19991225161701 -0.0 4.7 / / 659.3 259.0 2.0 0.1 0.2 0.0
187 19991225161801 -0.0 4.8 / / 659.3 260.0 3.0 0.5 0.5 0.0
187 19991225161901 -0.0 4.8 / / 659.2 260.0 4.0 0.2 0.3 -0.2
187 19991225162001 -0.0 4.8 / / 659.3 246.0 3.0 0.0 0.0 0.0
187 19991225162101 -0.0 4.8 / / 659.3 222.0 2.0 0.0 0.0 0.0
187 19991225162201 -0.0 4.7 / / 659.3 220.0 0.0 0.2 0.1 0.0
187 19991225162301 -0.0 4.7 / / 659.3 249.0 1.0 0.4 0.4 -0.2
187 19991225162401 -0.0 4.7 / / 659.4 242.0 3.0 0.3 0.2 0.2
187 19991225162501 -0.0 4.7 / / 659.4 227.0 3.0 0.3 0.1 -0.2
187 19991225162601 -0.0 4.7 / / 659.4 194.0 2.0 0.1 0.1 0.2
187 19991225162701 -0.0 4.6 / / 659.4 167.0 2.0 0.0 0.0 0.0
187 19991225162801 -0.0 4.5 / / 659.4 171.0 2.0 0.0 0.0 0.0
187 19991225162901 -0.0 4.4 / / 659.4 184.0 2.0 0.0 0.0 0.0
187 19991225163001 -0.0 4.4 / / 659.4 198.0 3.0 0.0 0.0 0.0
187 19991225163101 -0.0 4.4 / / 659.4 192.0 2.0 0.0 0.0 0.0
187 19991225163201 -0.0 4.3 / / 659.5 202.0 2.0 0.0 0.0 0.0
187 19991225163301 0.0 4.3 / / 659.5 218.0 2.0 0.0 0.0 0.0
187 19991225163401 0.0 4.2 / / 659.5 226.0 1.0 0.0 0.0 0.0
187 19991225163501 -0.0 4.2 / / 659.5 218.0 0.0 0.0 0.0 0.0
187 19991225163601 -0.1 4.2 / / 659.5 208.0 0.0 0.0 0.0 0.0
187 19991225163701 0.0 4.2 / / 659.5 227.0 0.0 0.0 0.0 0.0
187 19991225163801 0.0 4.3 / / 659.6 236.0 0.0 0.0 0.0 0.0
187 19991225163901 -0.0 4.3 / / 659.6 247.0 1.0 0.0 0.1 0.0
187 19991225164001 0.0 4.3 / / 659.6 240.0 3.0 0.1 0.3 0.0
187 19991225164101 -0.0 4.3 / / 659.6 254.0 2.0 0.3 0.5 -0.2
187 19991225164201 / / / / / / / / / /
187 19991225164401 -0.0 4.0 / / / 206.0 1.0 0.0 0.0 /
187 19991225164501 -0.0 4.3 / / 659.6 277.0 2.0 0.0 0.0 0.0
187 19991225164601 -0.0 4.3 / / 659.8 230.0 5.0 0.0 0.1 0.0
187 19991225164701 -0.0 4.4 / / 659.7 240.0 5.0 0.0 0.3 -0.2
187 19991225164801 0.0 4.3 / / 659.8 251.0 4.0 0.0 0.0 0.0
187 19991225164901 0.0 4.3 / / 659.8 239.0 5.0 0.0 0.1 0.0
187 19991225165001 0.0 4.3 / / 659.8 234.0 5.0 0.2 0.2 0.0
187 19991225165101 -0.0 4.3 / / 659.8 225.0 3.0 0.2 0.3 -0.2
187 19991225165201 -0.0 4.2 / / 659.8 225.0 4.0 0.1 0.2 -0.4
187 19991225165301 0.0 4.2 / / 659.7 203.0 3.0 0.0 0.1 0.0
187 19991225165401 0.0 4.2 / / 659.7 201.0 4.0 0.0 0.0 0.0
187 19991225165501 -0.0 4.3 / / 659.7 203.0 4.0 0.0 0.1 0.0
187 19991225165601 -0.0 4.3 / / 659.7 200.0 4.0 0.0 0.1 0.0
187 19991225165701 -0.0 4.2 / / 659.8 202.0 4.0 0.0 0.0 0.0
187 19991225165801 -0.0 4.2 / / 659.8 210.0 4.0 0.0 0.0 0.0
187 19991225165901 -0.0 4.2 / / 659.8 216.0 3.0 0.0 0.0 0.0
187 19991225170001 -0.0 4.2 / / 659.8 217.0 3.0 0.0 0.0 0.0
187 19991225170101 -0.0 4.1 / / 659.8 188.0 2.0 0.0 0.0 0.0
187 19991225170201 0.0 4.1 / / 660.0 174.0 3.0 0.0 0.0 0.0
187 19991225170301 -0.0 4.1 / / 660.0 178.0 4.0 0.0 0.0 0.0
187 19991225170401 -0.0 4.1 / / 660.0 170.0 4.0 0.0 0.0 0.0
187 19991225170501 0.0 4.1 / / 660.0 167.0 4.0 0.0 0.0 0.0
187 19991225170601 0.0 4.0 / / 660.1 178.0 3.0 0.0 0.0 0.0
187 19991225170701 -0.0 4.0 / / 660.0 163.0 2.0 0.0 0.0 0.0
187 19991225170801 -0.0 4.0 / / 659.9 158.0 3.0 0.0 0.0 0.0
187 19991225170901 -0.0 4.0 / / 659.9 156.0 3.0 0.0 0.0 0.0
187 19991225171001 -0.0 3.9 / / 659.9 145.0 4.0 0.0 0.0 0.0
187 19991225171101 0.0 4.0 / / 659.9 135.0 4.0 0.0 0.0 0.0
187 19991225171201 -0.0 4.0 / / 660.0 136.0 4.0 0.0 0.0 0.0
187 19991225171301 -0.0 3.9 / / 660.1 144.0 3.0 0.0 0.0 0.0
187 19991225171401 -0.0 3.9 / / 660.2 148.0 3.0 0.0 0.0 0.0
187 19991225171501 -0.0 3.9 / / 660.0 140.0 3.0 0.0 0.0 0.0
187 19991225171601 0.0 3.9 100.0 / 660.1 146.0 3.0 0.0 0.0 0.0
187 19991225171701 -0.0 3.8 100.0 3.8 660.2 155.0 2.0 0.0 0.0 0.0
187 19991225171801 -0.0 3.8 100.0 3.8 659.8 152.0 2.0 0.0 0.0 0.0
187 19991225171901 -0.0 3.8 100.0 3.8 659.8 144.0 1.0 0.0 0.0 0.0
187 19991225172001 0.0 3.8 100.0 3.8 659.8 131.0 0.0 0.0 0.0 0.0
187 19991225172101 -0.0 3.9 100.0 3.8 659.9 133.0 0.0 0.0 0.0 0.0
187 19991225172201 -0.0 3.8 99.0 3.8 659.6 159.0 0.0 0.0 0.0 0.0
187 19991225172301 0.0 3.8 99.0 3.7 659.8 137.0 0.0 0.0 0.0 0.0
187 19991225172401 -0.0 3.8 98.0 3.6 659.9 175.0 0.0 0.0 0.0 0.0
187 19991225172501 -0.0 3.7 97.0 3.5 660.1 182.0 0.0 0.0 0.0 0.0
187 19991225172601 0.0 3.7 97.0 3.3 660.0 202.0 0.0 0.0 0.0 0.0
187 19991225172701 0.0 3.6 97.0 3.3 660.3 176.0 0.0 0.0 0.0 0.0
187 19991225172801 0.0 3.6 97.0 3.3 660.3 146.0 0.0 0.0 0.0 0.0
187 19991225173401 -0.0 3.4 96.0 / 660.1 48.0 0.0 0.0 0.0 0.0
187 19991225173501 -0.0 3.6 95.0 2.7 660.1 4.0 0.0 0.0 0.0 0.0
187 19991225173601 -0.0 3.6 96.0 2.9 660.0 357.0 0.0 0.0 0.0 0.0
187 19991225174301 / / / / / / / / / /
187 19991225174401 -0.1 3.3 97.0 / 660.1 183.0 0.0 0.0 0.0 0.0
187 19991225174501 -0.0 3.5 97.0 3.0 659.9 191.0 0.0 0.0 0.0 0.0
187 19991225175201 / / / / / / / / / /
187 19991225175301 -0.0 3.5 96.0 / 660.2 183.0 0.0 0.0 0.0 0.0
187 19991225175901 -0.0 3.9 95.0 / 660.3 142.0 0.0 0.0 0.0 0.0
187 19991225181101 -0.1 / / / / / / / / /
